64	0.0128	50	50	45	50	50	50
91	0.0182	50	50	0	50	50	50
109	0.0218	0	50	50	50	50	50
115	0.023	50	50	0	50	50	50
179	0.0358	50	50	50	50	0	50
183	0.0366	50	50	50	50	0	50
206	0.0412	0	50	50	50	50	50
224	0.0448	50	50	50	50	0	50
251	0.0502	45	50	50	50	50	50
301	0.0602	40	50	50	50	50	50
311	0.0622	47	50	50	50	50	50
313	0.0626	0	50	50	50	50	50
391	0.0782	50	50	50	50	0	50
406	0.0812	0	50	50	50	50	50
424	0.0848	0	50	0	50	50	50
427	0.0854	0	50	50	50	50	50
459	0.0918	47	50	50	50	50	50
473	0.0946	0	50	0	50	50	50
507	0.1014	0	50	50	50	50	50
565	0.113	50	50	0	50	50	50
629	0.1258	50	50	50	50	0	50
632	0.1264	49	50	50	50	50	50
637	0.1274	50	50	0	50	50	50
698	0.1396	50	50	50	50	45	50
747	0.1494	50	50	48	50	50	50
800	0.16	50	50	28	50	50	50
813	0.1626	50	50	50	50	0	50
831	0.1662	50	50	0	50	50	50
909	0.1818	50	50	50	50	36	50
912	0.1824	50	50	50	50	0	50
927	0.1854	50	50	48	50	50	50
987	0.1974	50	50	50	50	0	50
995	0.199	50	50	50	50	0	50
1004	0.2008	50	50	48	50	50	50
1006	0.2012	50	50	50	50	0	50
1014	0.2028	0	50	0	50	50	50
1021	0.2042	50	50	47	50	50	50
1063	0.2126	0	50	0	50	50	50
1123	0.2246	0	50	0	50	50	50
1133	0.2266	50	50	50	50	0	50
1149	0.2298	50	50	50	50	0	50
1197	0.2394	50	50	50	50	0	50
1205	0.241	50	50	50	50	0	50
1225	0.245	50	50	50	50	0	50
1305	0.261	0	50	50	50	50	50
1320	0.264	50	50	50	50	0	50
1396	0.2792	50	50	50	50	0	50
1449	0.2898	0	50	0	50	50	50
1578	0.3156	49	50	50	50	50	50
1602	0.3204	50	50	50	50	0	50
1651	0.3302	50	50	50	50	0	50
1663	0.3326	0	50	50	50	50	50
1679	0.3358	29	50	50	50	50	50
1691	0.3382	50	50	50	50	48	50
1716	0.3432	0	50	50	50	50	50
1717	0.3434	0	50	50	50	50	50
1833	0.3666	0	50	50	50	50	50
1841	0.3682	50	50	50	50	0	50
1842	0.3684	50	50	0	50	50	50
1855	0.371	50	50	50	50	48	50
1873	0.3746	0	50	50	50	50	50
1890	0.378	50	50	0	50	50	50
1901	0.3802	0	50	0	50	50	50
1902	0.3804	0	50	0	50	50	50
1953	0.3906	50	50	50	50	0	50
1956	0.3912	50	50	50	50	0	50
1980	0.396	0	50	0	50	50	50
1982	0.3964	50	50	50	50	0	50
2002	0.4004	26	50	50	50	50	50
2011	0.4022	48	50	50	50	50	50
2012	0.4024	50	50	0	50	50	50
2037	0.4074	0	50	50	50	50	50
2058	0.4116	50	50	49	50	50	50
2099	0.4198	50	50	50	50	35	50
2120	0.424	0	50	50	50	50	50
2134	0.4268	0	50	0	50	50	50
2189	0.4378	50	50	50	50	0	50
2203	0.4406	50	50	50	50	48	50
2376	0.4752	0	50	50	50	50	50
2391	0.4782	50	50	0	50	50	50
2418	0.4836	0	50	0	50	50	50
2441	0.4882	0	50	50	50	50	50
2457	0.4914	50	50	0	50	50	50
2492	0.4984	50	50	50	50	0	50
2509	0.5018	0	50	50	50	50	50
2536	0.5072	50	50	36	50	50	50
2563	0.5126	0	50	0	50	50	50
2587	0.5174	29	50	50	50	50	50
2606	0.5212	50	50	50	50	0	50
2611	0.5222	49	50	50	50	50	50
2614	0.5228	50	50	0	50	50	50
2648	0.5296	50	50	50	50	0	50
2658	0.5316	50	50	0	50	50	50
2662	0.5324	49	50	50	50	50	50
2700	0.54	0	50	0	50	50	50
2797	0.5594	50	50	50	50	35	50
2800	0.56	50	50	0	50	50	50
2839	0.5678	0	50	50	50	50	50
2860	0.572	50	50	0	50	50	50
2872	0.5744	50	50	50	50	46	50
2899	0.5798	0	50	0	50	50	50
2925	0.585	50	50	0	50	50	50
2939	0.5878	50	50	50	50	0	50
3034	0.6068	50	50	50	50	15	50
3071	0.6142	0	50	50	50	50	50
3099	0.6198	50	50	50	50	0	50
3156	0.6312	49	50	50	50	50	50
3180	0.636	50	50	0	50	50	50
3224	0.6448	50	50	50	50	0	50
3262	0.6524	50	50	50	50	0	50
3284	0.6568	50	50	50	50	0	50
3292	0.6584	0	50	50	50	50	50
3474	0.6948	0	50	0	50	50	50
3479	0.6958	45	50	50	50	50	50
3610	0.722	50	50	50	50	0	50
3620	0.724	50	50	0	50	50	50
3647	0.7294	0	50	50	50	50	50
3660	0.732	50	50	50	50	0	50
3673	0.7346	0	50	50	50	0	50
3725	0.745	50	50	50	50	0	50
3748	0.7496	50	50	50	50	0	50
3766	0.7532	50	50	0	50	50	50
3832	0.7664	0	50	0	50	50	50
3855	0.771	50	50	50	50	49	50
3866	0.7732	50	50	50	50	0	50
3918	0.7836	50	50	50	50	12	50
3950	0.79	50	50	44	50	50	50
4023	0.8046	0	50	0	50	50	50
4040	0.808	0	50	50	50	50	50
4100	0.82	0	50	50	50	50	50
4144	0.8288	50	50	48	50	50	50
4146	0.8292	50	50	49	50	50	50
4189	0.8378	0	50	0	50	50	50
4212	0.8424	50	50	45	50	50	50
4213	0.8426	50	50	0	50	50	50
4232	0.8464	50	50	0	50	50	50
4240	0.848	50	50	50	50	0	50
4291	0.8582	50	50	30	50	50	50
4313	0.8626	50	50	48	50	50	50
4342	0.8684	50	50	50	50	0	50
4384	0.8768	50	50	50	50	0	50
4398	0.8796	45	50	50	50	50	50
4407	0.8814	50	50	50	50	0	50
4418	0.8836	25	50	50	50	50	50
4494	0.8988	0	50	50	50	50	50
4565	0.913	0	50	50	50	50	50
4568	0.9136	50	50	0	50	50	50
4587	0.9174	50	50	50	50	0	50
4598	0.9196	0	50	50	50	50	50
4618	0.9236	0	50	50	50	50	50
4654	0.9308	0	50	50	50	50	50
4659	0.9318	50	50	50	50	12	50
4681	0.9362	50	50	29	50	50	50
4705	0.941	0	50	50	50	50	50
4707	0.9414	0	50	50	50	50	50
4715	0.943	50	50	0	50	50	50
4750	0.95	50	50	0	50	50	50
4756	0.9512	50	50	50	50	0	50
4773	0.9546	50	50	50	50	0	50
4846	0.9692	50	50	50	50	0	50
4868	0.9736	0	50	50	50	50	50
4871	0.9742	0	50	0	50	50	50
4976	0.9952	50	50	50	50	0	50
5006	1.0012	50	50	50	50	0	50
5039	1.0078	50	50	46	50	50	50
5041	1.0082	0	50	0	50	50	50
5088	1.0176	50	50	49	50	50	50
5154	1.0308	0	50	50	50	50	50
5165	1.033	0	50	50	50	50	50
5177	1.0354	0	50	50	50	50	50
5189	1.0378	50	50	50	50	0	50
5219	1.0438	43	50	50	50	50	50
5220	1.044	50	50	50	50	47	50
5221	1.0442	0	50	50	50	50	50
5263	1.0526	0	50	0	50	50	50
5268	1.0536	50	50	50	50	45	50
5290	1.058	0	50	50	50	50	50
5354	1.0708	50	50	50	50	0	50
5392	1.0784	50	50	50	50	0	50
5516	1.1032	50	50	50	50	0	50
5520	1.104	0	50	0	50	50	50
5533	1.1066	50	50	50	50	40	50
5545	1.109	50	50	50	50	0	50
5558	1.1116	0	50	50	50	50	50
5627	1.1254	50	50	0	50	50	50
5630	1.126	50	50	0	50	50	50
5634	1.1268	50	50	48	50	50	50
5657	1.1314	50	50	0	50	50	50
5714	1.1428	50	50	0	50	50	50
5754	1.1508	50	50	50	50	0	50
5758	1.1516	50	50	50	50	47	50
5764	1.1528	49	50	50	50	50	50
5798	1.1596	50	50	50	50	0	50
5799	1.1598	0	50	50	50	50	50
5801	1.1602	50	50	50	50	0	50
5840	1.168	0	50	50	50	50	50
5865	1.173	50	50	50	50	38	50
5975	1.195	0	50	50	50	50	50
5982	1.1964	0	50	50	50	50	50
6013	1.2026	50	50	50	50	0	50
6077	1.2154	0	50	0	50	50	50
6115	1.223	50	50	0	50	50	50
6140	1.228	50	50	0	50	50	50
6146	1.2292	0	50	0	50	50	50
6151	1.2302	50	50	0	50	50	50
6179	1.2358	0	50	50	50	50	50
6223	1.2446	50	50	0	50	50	50
6240	1.248	50	50	0	50	50	50
6242	1.2484	50	50	50	50	0	50
6324	1.2648	0	50	50	50	50	50
6333	1.2666	50	50	50	50	34	50
6335	1.267	50	50	50	50	0	50
6338	1.2676	50	50	50	50	48	50
6343	1.2686	50	50	0	50	50	50
6379	1.2758	50	50	0	50	50	50
6415	1.283	50	50	50	50	49	50
6446	1.2892	50	50	50	50	0	50
6469	1.2938	50	50	0	50	50	50
6480	1.296	0	50	50	50	50	50
6483	1.2966	50	50	0	50	50	50
6496	1.2992	0	50	0	50	50	50
6504	1.3008	49	50	50	50	50	50
6519	1.3038	50	50	50	50	0	50
6651	1.3302	0	50	50	50	50	50
6791	1.3582	50	50	50	50	0	50
6807	1.3614	49	50	50	50	50	50
6809	1.3618	50	50	50	50	0	50
6839	1.3678	50	50	50	50	0	50
6858	1.3716	50	50	50	50	0	50
6859	1.3718	50	50	50	50	0	50
6863	1.3726	0	50	50	50	50	50
6872	1.3744	0	50	50	50	50	50
6912	1.3824	50	50	50	50	0	50
6963	1.3926	0	50	50	50	50	50
7006	1.4012	50	50	0	50	50	50
7053	1.4106	0	50	0	50	50	50
7081	1.4162	50	50	50	50	0	50
7104	1.4208	50	50	50	50	0	50
7122	1.4244	50	50	50	50	0	50
7215	1.443	0	50	0	50	50	50
7221	1.4442	50	50	50	50	0	50
7223	1.4446	0	50	50	50	50	50
7255	1.451	50	50	50	50	0	50
7264	1.4528	50	50	50	50	0	50
7292	1.4584	50	50	50	50	0	50
7323	1.4646	0	50	0	50	50	50
7334	1.4668	50	50	0	50	50	50
7341	1.4682	25	50	50	50	50	50
7407	1.4814	50	50	45	50	50	50
7453	1.4906	50	50	0	50	50	50
7457	1.4914	50	50	49	50	50	50
7468	1.4936	18	50	50	50	50	50
7471	1.4942	50	50	0	50	50	50
7486	1.4972	50	50	50	50	0	50
7521	1.5042	50	50	50	50	0	50
7535	1.507	50	50	50	50	0	50
7571	1.5142	32	50	50	50	50	50
7574	1.5148	50	50	50	50	45	50
7620	1.524	50	50	50	50	0	50
7659	1.5318	50	50	0	50	50	50
7675	1.535	50	50	0	50	50	50
7774	1.5548	50	50	50	50	0	50
7803	1.5606	0	50	4	50	0	50
7807	1.5614	50	50	50	50	0	50
7835	1.567	50	50	0	50	50	50
7875	1.575	50	50	50	50	0	50
7879	1.5758	47	50	50	50	50	50
7904	1.5808	50	50	44	50	50	50
7913	1.5826	49	50	50	50	50	50
7940	1.588	0	50	0	50	50	50
7943	1.5886	50	50	0	50	50	50
7944	1.5888	50	50	0	50	0	50
8010	1.602	0	50	50	50	50	50
8094	1.6188	0	50	0	50	50	50
8224	1.6448	50	50	50	50	0	50
8307	1.6614	50	50	50	50	49	50
8377	1.6754	0	50	50	50	50	50
8423	1.6846	50	50	50	50	0	50
8426	1.6852	25	50	50	50	50	50
8442	1.6884	50	50	49	50	50	50
8446	1.6892	50	50	0	50	50	50
8461	1.6922	0	50	50	50	50	50
8464	1.6928	0	50	50	50	50	50
8495	1.699	50	50	0	50	50	50
8502	1.7004	0	50	0	50	30	50
8564	1.7128	0	50	0	50	50	50
8567	1.7134	50	50	50	50	0	50
8593	1.7186	50	50	36	50	50	50
8594	1.7188	0	50	0	50	50	50
8603	1.7206	0	50	0	50	50	50
8611	1.7222	50	50	50	50	0	50
8612	1.7224	0	50	50	50	50	50
8624	1.7248	50	50	0	50	50	50
8696	1.7392	50	50	50	50	45	50
8701	1.7402	50	50	49	50	50	50
8731	1.7462	0	50	0	50	50	50
8738	1.7476	50	50	50	50	0	50
8748	1.7496	50	50	49	50	50	50
8764	1.7528	0	50	50	50	50	50
8828	1.7656	0	50	50	50	50	50
8836	1.7672	50	50	0	50	50	50
8840	1.768	0	50	0	50	50	50
8888	1.7776	0	50	50	50	50	50
8924	1.7848	50	50	0	50	50	50
8935	1.787	50	50	0	50	50	50
9033	1.8066	50	50	50	50	30	50
9049	1.8098	50	50	50	50	43	50
9075	1.815	50	50	0	50	50	50
9113	1.8226	0	50	0	50	1	50
9130	1.826	0	50	0	50	50	50
9147	1.8294	50	50	49	50	50	50
9151	1.8302	50	50	50	50	0	50
9153	1.8306	50	50	50	50	0	50
9169	1.8338	50	50	0	50	50	50
9179	1.8358	0	50	0	50	50	50
9213	1.8426	50	50	50	50	0	50
9259	1.8518	50	50	50	50	0	50
9273	1.8546	50	50	49	50	50	50
9288	1.8576	50	50	50	50	43	50
9290	1.858	50	50	50	50	0	50
9304	1.8608	0	50	0	50	50	50
9322	1.8644	0	50	50	50	50	50
9362	1.8724	50	50	50	50	0	50
9403	1.8806	50	50	50	50	0	50
9426	1.8852	0	50	50	50	50	50
9442	1.8884	50	50	50	50	0	50
9445	1.889	50	50	50	50	0	50
9487	1.8974	0	50	50	50	50	50
9496	1.8992	0	50	50	50	50	50
9502	1.9004	49	50	50	50	50	50
9524	1.9048	50	50	0	50	50	50
9535	1.907	47	50	50	50	50	50
9542	1.9084	50	50	50	50	0	50
9567	1.9134	50	50	50	50	0	50
9603	1.9206	50	50	0	50	50	50
9614	1.9228	50	50	50	50	0	50
9643	1.9286	0	50	0	50	50	50
9725	1.945	50	50	0	50	0	50
9729	1.9458	50	50	50	50	46	50
9742	1.9484	0	50	50	50	50	50
9754	1.9508	0	50	0	50	50	50
9756	1.9512	49	50	50	50	50	50
9763	1.9526	50	50	50	50	27	50
9833	1.9666	25	50	50	50	50	50
9871	1.9742	50	50	0	50	50	50
9874	1.9748	48	50	50	50	50	50
9878	1.9756	50	50	50	50	30	50
9898	1.9796	50	50	50	50	0	50
9927	1.9854	50	50	50	50	0	50
10007	2.0014	50	50	50	50	0	50
10031	2.0062	50	50	50	50	0	50
10088	2.0176	50	50	50	50	0	50
10230	2.046	50	50	50	50	0	50
10234	2.0468	0	50	50	50	50	50
10235	2.047	0	50	0	50	50	50
10259	2.0518	0	50	50	50	50	50
10267	2.0534	50	50	0	50	50	50
10282	2.0564	50	50	50	50	0	50
10310	2.062	0	50	50	50	50	50
10327	2.0654	50	50	0	50	0	50
10373	2.0746	0	50	50	50	50	50
10377	2.0754	50	50	50	50	0	50
10511	2.1022	43	50	50	50	50	50
10522	2.1044	50	50	0	50	50	50
10545	2.109	0	50	50	50	50	50
10569	2.1138	0	50	0	50	50	50
10593	2.1186	24	50	50	50	50	50
10621	2.1242	50	50	50	50	46	50
10653	2.1306	50	50	40	50	50	50
10680	2.136	0	50	50	50	50	50
10695	2.139	50	50	50	50	49	50
10785	2.157	50	50	50	50	45	50
10827	2.1654	0	50	50	50	50	50
10839	2.1678	50	50	50	50	0	50
10846	2.1692	33	50	50	50	50	50
10851	2.1702	50	50	29	50	50	50
10932	2.1864	0	50	50	50	50	50
11006	2.2012	50	50	50	50	0	50
11008	2.2016	50	50	50	50	49	50
11010	2.202	0	50	0	50	50	50
11062	2.2124	50	50	50	50	0	50
11095	2.219	50	50	0	50	50	50
11098	2.2196	50	50	50	50	0	50
11203	2.2406	50	50	50	50	0	50
11267	2.2534	0	50	50	50	50	50
11281	2.2562	0	50	0	50	50	50
11305	2.261	50	50	50	50	0	50
11354	2.2708	0	50	0	50	50	50
11436	2.2872	24	50	50	50	50	50
11449	2.2898	0	50	0	50	50	50
11462	2.2924	50	50	0	50	50	50
11533	2.3066	49	50	50	50	50	50
11552	2.3104	0	50	0	50	50	50
11591	2.3182	50	50	0	50	50	50
11627	2.3254	50	50	50	50	48	50
11652	2.3304	0	50	0	50	50	50
11682	2.3364	0	50	50	50	50	50
11713	2.3426	50	50	50	50	0	50
11800	2.36	35	50	50	50	50	50
11830	2.366	50	50	50	50	0	50
11852	2.3704	50	50	0	50	50	50
11881	2.3762	0	50	50	50	50	50
11890	2.378	0	50	50	50	50	50
11927	2.3854	50	50	0	50	50	50
11949	2.3898	50	50	50	50	0	50
11972	2.3944	50	50	50	50	0	50
12169	2.4338	50	50	0	50	50	50
12178	2.4356	50	50	50	50	0	50
12192	2.4384	0	50	50	50	50	50
12209	2.4418	50	50	50	50	38	50
12219	2.4438	50	50	0	50	50	50
12289	2.4578	0	50	50	50	50	50
12335	2.467	0	50	50	50	50	50
12349	2.4698	50	50	50	50	0	50
12361	2.4722	50	50	50	50	0	50
12397	2.4794	50	50	0	50	50	50
12408	2.4816	0	50	0	50	50	50
12444	2.4888	50	50	50	50	0	50
12459	2.4918	0	50	50	50	50	50
12476	2.4952	35	50	50	50	50	50
12495	2.499	50	50	50	50	0	50
12499	2.4998	0	50	0	50	50	50
12531	2.5062	0	50	0	50	50	50
12565	2.513	0	50	0	50	50	50
12569	2.5138	24	50	50	50	50	50
12592	2.5184	40	50	50	50	50	50
12597	2.5194	50	50	50	50	0	50
12602	2.5204	50	50	0	50	50	50
12612	2.5224	0	50	0	50	50	50
12642	2.5284	0	50	50	50	50	50
12689	2.5378	0	50	0	50	50	50
12699	2.5398	50	50	0	50	50	50
12834	2.5668	50	50	50	50	0	50
12858	2.5716	0	50	50	50	50	50
12887	2.5774	0	50	50	50	50	50
12909	2.5818	50	50	50	50	0	50
12910	2.582	50	50	0	50	50	50
12923	2.5846	0	50	0	50	50	50
13058	2.6116	50	50	50	50	0	50
13071	2.6142	0	50	0	50	50	50
13182	2.6364	50	50	50	50	0	50
13211	2.6422	50	50	50	50	0	50
13245	2.649	50	50	0	50	50	50
13257	2.6514	50	50	0	50	50	50
13279	2.6558	50	50	50	50	0	50
13353	2.6706	49	50	50	50	50	50
13374	2.6748	0	50	0	50	50	50
13469	2.6938	0	50	0	50	50	50
13561	2.7122	50	50	44	50	50	50
13591	2.7182	50	50	50	50	28	50
13647	2.7294	50	50	32	50	50	50
13682	2.7364	50	50	0	50	50	50
13732	2.7464	50	50	50	50	0	50
13798	2.7596	50	50	0	50	50	50
13808	2.7616	50	50	50	50	0	50
13873	2.7746	50	50	0	50	50	50
13893	2.7786	50	50	50	50	48	50
13900	2.78	50	50	0	50	0	50
13932	2.7864	46	50	50	50	50	50
13936	2.7872	33	50	50	50	50	50
13973	2.7946	0	50	50	50	50	50
13991	2.7982	0	50	50	50	0	50
14000	2.8	33	50	50	50	50	50
14113	2.8226	50	50	50	50	9	50
14120	2.824	0	50	0	50	50	50
14169	2.8338	50	50	0	50	50	50
14171	2.8342	0	50	50	50	50	50
14182	2.8364	50	50	50	50	0	50
14252	2.8504	50	50	0	50	50	50
14283	2.8566	50	50	0	50	50	50
14435	2.887	50	50	50	50	0	50
14518	2.9036	50	50	0	50	50	50
14524	2.9048	50	50	50	50	0	50
14537	2.9074	50	50	0	50	50	50
14543	2.9086	50	50	50	50	49	50
14545	2.909	50	50	0	50	50	50
14571	2.9142	50	50	50	50	0	50
14598	2.9196	0	50	0	50	50	50
14613	2.9226	47	50	50	50	50	50
14674	2.9348	50	50	0	50	50	50
14749	2.9498	50	50	50	50	0	50
14839	2.9678	0	50	50	50	50	50
14895	2.979	50	50	50	50	0	50
14910	2.982	50	50	50	50	0	50
14953	2.9906	0	50	50	50	50	50
14965	2.993	0	50	0	50	50	50
14974	2.9948	50	50	0	50	50	50
14998	2.9996	0	50	50	50	50	50
15001	3.0002	50	50	50	50	43	50
15061	3.0122	50	50	50	50	0	50
15070	3.014	50	50	29	50	50	50
15140	3.028	50	50	0	50	50	50
15149	3.0298	50	50	0	50	50	50
15158	3.0316	48	50	50	50	50	50
15215	3.043	0	50	50	50	50	50
15220	3.044	0	50	50	50	50	50
15221	3.0442	50	50	45	50	50	50
15289	3.0578	0	50	50	50	50	50
15315	3.063	50	50	0	50	50	50
15328	3.0656	50	50	0	50	50	50
15334	3.0668	0	50	50	50	50	50
15340	3.068	50	50	0	50	50	50
15365	3.073	50	50	50	50	0	50
15373	3.0746	50	50	50	50	0	50
15384	3.0768	0	50	50	50	0	50
15392	3.0784	43	50	50	50	50	50
15461	3.0922	0	50	50	50	50	50
15493	3.0986	50	50	46	50	50	50
15532	3.1064	0	50	50	50	50	50
15559	3.1118	0	50	0	50	50	50
15581	3.1162	50	50	0	50	50	50
15583	3.1166	40	50	50	50	50	50
15677	3.1354	32	50	50	50	50	50
15694	3.1388	50	50	0	50	50	50
15720	3.144	50	50	50	50	0	50
15740	3.148	0	50	50	50	50	50
15742	3.1484	0	50	50	50	50	50
15764	3.1528	50	50	50	50	0	50
15788	3.1576	0	50	50	50	50	50
15792	3.1584	0	50	0	50	50	50
15837	3.1674	50	50	0	50	50	50
15853	3.1706	50	50	0	50	50	50
15863	3.1726	50	50	50	50	49	50
15869	3.1738	47	50	50	50	50	50
15915	3.183	25	50	50	50	50	50
15972	3.1944	50	50	50	50	0	50
15973	3.1946	43	50	50	50	50	50
15986	3.1972	50	50	46	50	50	50
15996	3.1992	0	50	50	50	50	50
16003	3.2006	50	50	0	50	50	50
16046	3.2092	50	50	50	50	0	50
16100	3.22	50	50	50	50	0	50
16102	3.2204	0	50	50	50	50	50
16125	3.225	0	50	50	50	50	50
16228	3.2456	50	50	50	50	0	50
16233	3.2466	0	50	50	50	50	50
16250	3.25	50	50	50	50	38	50
16303	3.2606	50	50	50	50	0	50
16333	3.2666	0	50	0	50	50	50
16336	3.2672	50	50	0	50	50	50
16356	3.2712	50	50	50	50	0	50
16397	3.2794	0	50	50	50	50	50
16398	3.2796	50	50	50	50	0	50
16487	3.2974	0	50	0	50	50	50
16495	3.299	25	50	50	50	50	50
16514	3.3028	0	50	50	50	50	50
16564	3.3128	50	50	50	50	49	50
16644	3.3288	50	50	50	50	0	50
16647	3.3294	0	50	0	50	50	50
16652	3.3304	50	50	0	50	50	50
16683	3.3366	50	50	50	50	43	50
16690	3.338	50	50	50	50	0	50
16696	3.3392	0	50	50	50	50	50
16698	3.3396	0	50	50	50	50	50
16699	3.3398	50	50	50	50	0	50
16715	3.343	0	50	50	50	50	50
16734	3.3468	0	50	50	50	50	50
16753	3.3506	0	50	0	50	50	50
16839	3.3678	50	50	0	50	50	50
16857	3.3714	0	50	50	50	50	50
16873	3.3746	0	50	50	50	50	50
16913	3.3826	0	50	50	50	50	50
16920	3.384	0	50	50	50	50	50
16938	3.3876	50	50	0	50	50	50
16960	3.392	50	50	49	50	50	50
17031	3.4062	50	50	50	50	0	50
17065	3.413	49	50	50	50	50	50
17078	3.4156	0	50	0	50	50	50
17084	3.4168	50	50	50	50	0	50
17121	3.4242	50	50	50	50	0	50
17134	3.4268	0	50	50	50	50	50
17196	3.4392	50	50	50	50	0	50
17203	3.4406	50	50	0	50	50	50
17212	3.4424	43	50	50	50	50	50
17222	3.4444	0	50	50	50	50	50
17296	3.4592	50	50	0	50	50	50
17341	3.4682	0	50	50	50	50	50
17352	3.4704	50	50	0	50	50	50
17354	3.4708	50	50	0	50	50	50
17400	3.48	50	50	0	50	50	50
17414	3.4828	50	50	50	50	0	50
17421	3.4842	50	50	50	50	48	50
17440	3.488	0	50	50	50	50	50
17502	3.5004	0	50	0	50	50	50
17610	3.522	40	50	50	50	50	50
17668	3.5336	0	50	50	50	50	50
17688	3.5376	50	50	50	50	0	50
17756	3.5512	0	50	0	50	50	50
17767	3.5534	50	50	50	50	43	50
17814	3.5628	0	50	50	50	50	50
17815	3.563	32	50	50	50	50	50
17888	3.5776	25	50	0	50	0	50
17892	3.5784	42	50	50	50	50	50
17918	3.5836	50	50	50	50	0	50
17926	3.5852	0	50	0	50	50	50
17929	3.5858	0	50	50	50	50	50
17952	3.5904	0	50	0	50	50	50
17993	3.5986	0	50	0	50	50	50
18019	3.6038	50	50	0	50	50	50
18086	3.6172	50	50	0	50	50	50
18088	3.6176	0	50	0	50	50	50
18105	3.621	0	50	0	50	50	50
18110	3.622	0	50	0	50	50	50
18116	3.6232	43	50	50	50	50	50
18138	3.6276	50	50	50	50	0	50
18189	3.6378	50	50	0	50	50	50
18197	3.6394	50	50	50	50	0	50
18202	3.6404	50	50	50	50	0	50
18218	3.6436	43	50	50	50	50	50
18224	3.6448	50	50	50	50	0	50
18250	3.65	0	50	50	50	50	50
18276	3.6552	50	50	50	50	0	50
18362	3.6724	50	50	50	50	0	50
18509	3.7018	0	50	50	50	0	50
18562	3.7124	25	50	50	50	50	50
18579	3.7158	50	50	49	50	50	50
18615	3.723	50	50	49	50	50	50
18617	3.7234	50	50	50	50	48	50
18656	3.7312	50	50	50	50	43	50
18803	3.7606	50	50	50	50	0	50
18852	3.7704	0	50	0	50	50	50
18907	3.7814	50	50	0	50	50	50
18958	3.7916	0	50	0	50	50	50
18975	3.795	50	50	50	50	0	50
19015	3.803	0	50	50	50	50	50
19031	3.8062	0	50	50	50	50	50
19132	3.8264	0	50	50	50	50	50
19145	3.829	50	50	0	50	0	50
19146	3.8292	50	50	0	50	50	50
19148	3.8296	41	50	50	50	50	50
19184	3.8368	50	50	48	50	50	50
19203	3.8406	50	50	50	50	0	50
19209	3.8418	50	50	50	50	0	50
19241	3.8482	50	50	0	50	50	50
19322	3.8644	50	50	50	50	0	50
19331	3.8662	50	50	0	50	50	50
19377	3.8754	50	50	50	50	0	50
19417	3.8834	50	50	50	50	0	50
19422	3.8844	50	50	0	50	50	50
19468	3.8936	50	50	0	50	50	50
19475	3.895	50	50	0	50	50	50
19490	3.898	50	50	50	50	0	50
19494	3.8988	50	50	50	50	0	50
19534	3.9068	40	50	50	50	50	50
19541	3.9082	50	50	50	50	0	50
19600	3.92	50	50	39	50	50	50
19603	3.9206	50	50	50	50	0	50
19615	3.923	0	50	0	50	50	50
19631	3.9262	0	50	0	50	50	50
19645	3.929	50	50	50	50	0	50
19675	3.935	50	50	50	50	0	50
19703	3.9406	50	50	50	50	43	50
19714	3.9428	0	50	0	50	50	50
19759	3.9518	0	50	50	50	0	50
19808	3.9616	0	50	50	50	50	50
19864	3.9728	50	50	50	50	0	50
19899	3.9798	25	50	50	50	50	50
19906	3.9812	49	50	50	50	50	50
19966	3.9932	47	50	50	50	50	50
19975	3.995	0	50	0	50	50	50
19980	3.996	50	50	45	50	50	50
19991	3.9982	50	50	0	50	50	50
19992	3.9984	0	50	0	50	50	50
20054	4.0108	50	50	50	50	0	50
20055	4.011	50	50	0	50	50	50
20106	4.0212	50	50	41	50	50	50
20136	4.0272	50	50	50	50	0	50
20195	4.039	0	50	0	50	50	50
20212	4.0424	0	50	50	50	50	50
20249	4.0498	41	50	50	50	50	50
20279	4.0558	50	50	47	50	50	50
20330	4.066	50	50	50	50	0	50
20331	4.0662	50	50	46	50	50	50
20337	4.0674	50	50	39	50	50	50
20372	4.0744	50	50	50	50	0	50
20388	4.0776	0	50	0	50	50	50
20513	4.1026	50	50	0	50	50	50
20530	4.106	50	50	0	50	50	50
20552	4.1104	0	50	0	50	50	50
20588	4.1176	50	50	50	50	0	50
20595	4.119	50	50	39	50	50	50
20609	4.1218	41	50	50	50	50	50
20623	4.1246	0	50	0	50	50	50
20631	4.1262	50	50	36	50	50	50
20661	4.1322	25	50	50	50	50	50
20672	4.1344	46	50	50	50	50	50
20678	4.1356	41	50	50	50	50	50
20712	4.1424	50	50	50	50	0	50
20799	4.1598	50	50	50	50	0	50
20811	4.1622	50	50	50	50	0	50
20823	4.1646	50	50	0	50	50	50
20836	4.1672	50	50	0	50	50	50
20853	4.1706	0	50	50	50	50	50
20880	4.176	50	50	18	50	50	50
20885	4.177	0	50	0	50	50	50
20934	4.1868	0	50	50	50	50	50
20982	4.1964	50	50	0	50	50	50
21055	4.211	0	50	0	50	50	50
21056	4.2112	50	50	0	50	50	50
21085	4.217	0	50	50	50	50	50
21087	4.2174	50	50	0	50	50	50
21116	4.2232	50	50	0	50	50	50
21147	4.2294	50	50	50	50	0	50
21196	4.2392	0	50	50	50	50	50
21208	4.2416	0	50	0	50	50	50
21241	4.2482	50	50	50	50	0	50
21275	4.255	50	50	50	50	0	50
21338	4.2676	50	50	46	50	50	50
21410	4.282	41	50	50	50	50	50
21521	4.3042	50	50	0	50	50	50
21584	4.3168	50	50	50	50	29	50
21590	4.318	50	50	50	50	0	50
21606	4.3212	50	50	0	50	50	50
21678	4.3356	49	50	50	50	50	50
21700	4.34	50	50	50	50	35	50
21746	4.3492	50	50	50	50	29	50
21846	4.3692	50	50	0	50	50	50
21910	4.382	0	50	50	50	50	50
21942	4.3884	50	50	50	50	40	50
21973	4.3946	46	50	50	50	50	50
21983	4.3966	50	50	50	50	29	50
21998	4.3996	50	50	0	50	50	50
22069	4.4138	50	50	0	50	50	50
22109	4.4218	0	50	50	50	50	50
22113	4.4226	50	50	50	50	0	50
22145	4.429	50	50	0	50	50	50
22165	4.433	34	50	50	50	50	50
22203	4.4406	0	50	0	50	50	50
22252	4.4504	0	50	0	50	50	50
22271	4.4542	0	50	0	50	50	50
22278	4.4556	0	50	50	50	50	50
22299	4.4598	50	50	0	50	50	50
22316	4.4632	41	50	50	50	50	50
22318	4.4636	50	50	0	50	50	50
22333	4.4666	50	50	0	50	50	50
22368	4.4736	0	50	50	50	50	50
22471	4.4942	0	50	0	50	50	50
22479	4.4958	50	50	0	50	50	50
22487	4.4974	14	50	50	50	50	50
22553	4.5106	0	50	50	50	50	50
22559	4.5118	50	50	50	50	49	50
22564	4.5128	50	50	50	50	0	50
22614	4.5228	14	50	50	50	50	50
22628	4.5256	0	50	0	50	29	50
22659	4.5318	36	50	50	50	50	50
22673	4.5346	35	50	50	50	50	50
22677	4.5354	50	50	50	50	21	50
22678	4.5356	50	50	50	50	21	50
22760	4.552	50	50	50	50	49	50
22780	4.556	0	50	50	50	50	50
22783	4.5566	50	50	50	50	21	50
22795	4.559	50	50	50	50	21	50
22814	4.5628	50	50	0	50	50	50
22826	4.5652	50	50	50	50	29	50
22833	4.5666	50	50	50	50	0	50
22871	4.5742	14	50	50	50	50	50
22906	4.5812	50	50	50	50	0	50
22928	4.5856	36	50	50	50	50	50
22974	4.5948	36	50	50	50	50	50
22976	4.5952	0	50	0	50	50	50
22990	4.598	50	50	50	50	29	50
23005	4.601	25	50	50	50	50	50
23019	4.6038	0	50	50	50	50	50
23027	4.6054	50	50	49	50	50	50
23028	4.6056	50	50	0	50	50	50
23049	4.6098	50	50	50	50	21	50
23064	4.6128	50	50	0	50	50	50
23074	4.6148	0	50	0	50	50	50
23090	4.618	0	50	50	50	50	50
23186	4.6372	50	50	45	50	50	50
23242	4.6484	0	50	50	50	50	50
23295	4.659	50	50	50	50	48	50
23314	4.6628	48	50	50	50	50	50
23326	4.6652	0	50	50	50	50	50
23344	4.6688	0	50	50	50	50	50
23358	4.6716	0	50	0	50	50	50
23510	4.702	50	50	50	50	28	50
23546	4.7092	0	50	50	50	50	50
23550	4.71	0	50	50	50	50	50
23556	4.7112	0	50	50	50	50	50
23575	4.715	0	50	50	50	50	50
23598	4.7196	0	50	0	50	50	50
23630	4.726	50	50	50	50	28	50
23653	4.7306	50	50	50	50	28	50
23678	4.7356	21	50	50	50	50	50
23691	4.7382	50	50	0	50	50	50
23725	4.745	50	50	50	50	22	50
23740	4.748	0	50	50	50	50	50
23763	4.7526	0	50	50	50	50	50
23809	4.7618	50	50	50	50	0	50
23888	4.7776	50	50	50	50	22	50
23904	4.7808	50	50	50	50	0	50
23919	4.7838	50	50	50	50	0	50
23993	4.7986	50	50	0	50	50	50
24038	4.8076	0	50	0	50	50	50
24054	4.8108	50	50	50	50	26	50
24060	4.812	50	50	50	50	26	50
24084	4.8168	50	50	50	50	35	50
24100	4.82	0	50	0	50	50	50
24115	4.823	50	50	50	50	24	50
24164	4.8328	50	50	50	50	0	50
24168	4.8336	50	50	36	50	50	50
24205	4.841	50	50	0	50	50	50
24207	4.8414	50	50	50	50	0	50
24272	4.8544	0	50	0	50	50	50
24302	4.8604	50	50	50	50	24	50
24306	4.8612	50	50	50	50	24	50
24314	4.8628	0	50	0	50	50	50
24317	4.8634	0	50	50	50	50	50
24350	4.87	0	50	0	50	50	50
24357	4.8714	0	50	0	50	50	50
24385	4.877	50	50	36	50	50	50
24402	4.8804	50	50	14	50	50	50
24427	4.8854	50	50	50	50	26	50
24430	4.886	50	50	50	50	26	50
24439	4.8878	50	50	0	50	0	50
24460	4.892	50	50	50	50	26	50
24463	4.8926	0	50	50	50	50	50
24466	4.8932	0	50	36	50	0	50
24472	4.8944	0	50	50	50	50	50
24476	4.8952	50	50	50	50	0	50
24483	4.8966	50	50	50	50	26	50
24505	4.901	21	50	50	50	50	50
24516	4.9032	0	50	50	50	50	50
24537	4.9074	29	50	50	50	50	50
24547	4.9094	21	50	50	50	50	50
24554	4.9108	50	50	50	50	24	50
24577	4.9154	50	50	50	50	48	50
24594	4.9188	50	50	50	50	0	50
24596	4.9192	29	50	50	50	50	50
24603	4.9206	50	50	50	50	26	50
24622	4.9244	50	50	14	50	50	50
24634	4.9268	50	50	14	50	50	50
24677	4.9354	0	50	50	50	50	50
24729	4.9458	50	50	14	50	50	50
24735	4.947	50	50	50	50	49	50
24767	4.9534	50	50	50	50	24	50
24782	4.9564	21	50	50	50	50	50
24806	4.9612	50	50	22	50	50	50
24818	4.9636	50	50	50	50	24	50
24824	4.9648	21	50	50	50	50	50
24831	4.9662	21	50	50	50	50	50
24833	4.9666	21	50	50	50	50	50
24836	4.9672	50	50	50	50	24	50
24843	4.9686	29	50	50	50	50	50
24853	4.9706	50	50	28	50	50	50
24924	4.9848	50	50	50	50	26	50
24935	4.987	50	50	22	50	50	50
24941	4.9882	29	50	50	50	50	50
25043	5.0086	50	50	50	50	24	50
25060	5.012	21	50	50	50	50	50
25077	5.0154	50	50	50	50	49	50
25087	5.0174	0	50	4	50	0	50
25094	5.0188	50	50	28	50	50	50
25219	5.0438	0	50	50	50	0	50
25249	5.0498	29	50	50	50	50	50
25258	5.0516	21	50	50	50	50	50
25308	5.0616	46	50	50	50	50	50
25346	5.0692	21	50	50	50	50	50
25355	5.071	50	50	50	50	0	50
25391	5.0782	0	50	50	50	0	50
25398	5.0796	50	50	50	50	26	50
25449	5.0898	50	50	50	50	24	50
25467	5.0934	50	50	50	50	24	50
25485	5.097	0	50	50	50	50	50
25493	5.0986	50	50	50	50	0	50
25523	5.1046	50	50	50	50	0	50
25528	5.1056	50	50	28	50	50	50
25541	5.1082	48	50	50	50	50	50
25543	5.1086	50	50	50	50	0	50
25577	5.1154	50	50	50	50	0	50
25581	5.1162	50	50	28	50	50	50
25601	5.1202	50	50	50	50	43	50
25628	5.1256	50	50	0	50	50	50
25655	5.131	0	50	0	50	50	50
25661	5.1322	50	50	0	50	50	50
25681	5.1362	50	50	0	50	50	50
25682	5.1364	50	50	50	50	0	50
25728	5.1456	50	50	50	50	0	50
25795	5.159	50	50	50	50	0	50
25813	5.1626	50	50	50	50	26	50
25837	5.1674	50	50	0	50	50	50
25854	5.1708	0	50	50	50	50	50
25859	5.1718	21	50	50	50	50	50
25890	5.178	50	50	50	50	26	50
25899	5.1798	50	50	0	50	50	50
25906	5.1812	0	50	50	50	50	50
25990	5.198	50	50	50	50	0	50
26018	5.2036	50	50	50	50	47	50
26020	5.204	50	50	47	50	50	50
26039	5.2078	50	50	50	50	0	50
26046	5.2092	0	50	50	50	50	50
26084	5.2168	0	50	50	50	50	50
26137	5.2274	50	50	50	50	26	50
26188	5.2376	0	50	50	50	50	50
26204	5.2408	50	50	50	50	24	50
26220	5.244	50	50	50	50	49	50
26222	5.2444	0	50	0	50	50	50
26223	5.2446	50	50	0	50	50	50
26244	5.2488	29	50	0	50	0	50
26249	5.2498	0	50	50	50	50	50
26251	5.2502	50	50	0	50	50	50
26256	5.2512	0	50	50	50	50	50
26270	5.254	50	50	50	50	0	50
26288	5.2576	48	50	50	50	50	50
26295	5.259	48	50	50	50	50	50
26322	5.2644	50	50	0	50	50	50
26343	5.2686	0	50	50	50	50	50
26355	5.271	0	50	0	50	50	50
26386	5.2772	50	50	49	50	50	50
26398	5.2796	0	50	0	50	50	50
26429	5.2858	50	50	50	50	0	50
26433	5.2866	50	50	50	50	0	50
26468	5.2936	50	50	50	50	0	50
26473	5.2946	50	50	50	50	24	50
26501	5.3002	0	50	50	50	50	50
26523	5.3046	0	50	50	50	50	50
26568	5.3136	50	50	50	50	0	50
26669	5.3338	50	50	50	50	0	50
26698	5.3396	0	50	50	50	50	50
26729	5.3458	50	50	50	50	0	50
26788	5.3576	50	50	50	50	0	50
26808	5.3616	50	50	0	50	50	50
26816	5.3632	50	50	50	50	0	50
26831	5.3662	0	50	50	50	50	50
26833	5.3666	50	50	0	50	50	50
26871	5.3742	50	50	49	50	50	50
26883	5.3766	50	50	50	50	0	50
26884	5.3768	0	50	0	50	50	50
26898	5.3796	35	50	50	50	50	50
26930	5.386	50	50	50	50	0	50
26949	5.3898	50	50	50	50	0	50
27017	5.4034	0	50	50	50	0	50
27026	5.4052	0	50	50	50	50	50
27027	5.4054	50	50	50	50	0	50
27032	5.4064	50	50	50	50	0	50
27050	5.41	0	50	0	50	50	50
27161	5.4322	50	50	0	50	0	50
27239	5.4478	50	50	50	50	34	50
27328	5.4656	0	50	0	50	50	50
27331	5.4662	50	50	38	50	50	50
27344	5.4688	50	50	50	50	34	50
27359	5.4718	0	50	50	50	50	50
27370	5.474	0	50	50	50	50	50
27399	5.4798	50	50	0	50	50	50
27405	5.481	50	50	50	50	0	50
27456	5.4912	21	50	50	50	50	50
27492	5.4984	0	50	50	50	0	50
27503	5.5006	50	50	50	50	0	50
27586	5.5172	43	50	50	50	50	50
27630	5.526	50	50	38	50	50	50
27669	5.5338	49	50	50	50	50	50
27678	5.5356	50	50	50	50	0	50
27696	5.5392	50	50	50	50	34	50
27743	5.5486	50	50	50	50	34	50
27757	5.5514	50	50	50	50	34	50
27805	5.561	50	50	50	50	16	50
27850	5.57	50	50	0	50	50	50
27879	5.5758	50	50	50	50	34	50
27921	5.5842	50	50	50	50	45	50
27929	5.5858	50	50	50	50	16	50
27952	5.5904	0	50	50	50	50	50
27957	5.5914	50	50	50	50	34	50
27977	5.5954	50	50	50	50	34	50
28026	5.6052	50	50	49	50	50	50
28038	5.6076	50	50	44	50	50	50
28077	5.6154	50	50	0	50	50	50
28081	5.6162	50	50	0	50	50	50
28132	5.6264	50	50	0	50	50	50
28138	5.6276	50	50	0	50	50	50
28155	5.631	0	50	50	50	50	50
28169	5.6338	50	50	50	50	16	50
28170	5.634	0	50	0	50	50	50
28208	5.6416	50	50	50	50	16	50
28215	5.643	50	50	50	50	39	50
28272	5.6544	50	50	0	50	50	50
28274	5.6548	50	50	0	50	50	50
28355	5.671	0	50	50	50	50	50
28383	5.6766	50	50	50	50	49	50
28385	5.677	0	50	50	50	50	50
28490	5.698	0	50	50	50	50	50
28498	5.6996	50	50	0	50	50	50
28532	5.7064	50	50	50	50	34	50
28558	5.7116	50	50	50	50	0	50
28562	5.7124	0	50	50	50	50	50
28568	5.7136	50	50	0	50	50	50
28576	5.7152	50	50	50	50	0	50
28621	5.7242	0	50	50	50	50	50
28707	5.7414	50	50	0	50	50	50
28730	5.746	0	50	50	50	50	50
28742	5.7484	0	50	0	50	50	50
28760	5.752	50	50	50	50	23	50
28780	5.756	50	50	0	50	50	50
28830	5.766	50	50	0	50	50	50
28831	5.7662	49	50	50	50	50	50
28845	5.769	0	50	50	50	50	50
28854	5.7708	50	50	0	50	50	50
28857	5.7714	21	50	50	50	50	50
28888	5.7776	50	50	50	50	0	50
28912	5.7824	21	50	50	50	50	50
28965	5.793	50	50	50	50	0	50
28976	5.7952	50	50	0	50	50	50
28979	5.7958	50	50	50	50	0	50
29025	5.805	0	50	50	50	50	50
29059	5.8118	0	50	50	50	50	50
29075	5.815	0	50	50	50	50	50
29136	5.8272	50	50	0	50	50	50
29149	5.8298	50	50	0	50	50	50
29173	5.8346	50	50	50	50	0	50
29198	5.8396	50	50	50	50	0	50
29219	5.8438	0	50	50	50	50	50
29258	5.8516	0	50	0	50	50	50
29276	5.8552	50	50	50	50	23	50
29287	5.8574	0	50	50	50	50	50
29323	5.8646	50	50	0	50	50	50
29354	5.8708	50	50	50	50	27	50
29357	5.8714	49	50	50	50	50	50
29368	5.8736	50	50	0	50	50	50
29395	5.879	50	50	50	50	0	50
29398	5.8796	50	50	50	50	39	50
29413	5.8826	50	50	50	50	0	50
29453	5.8906	50	50	0	50	50	50
29467	5.8934	50	50	50	50	27	50
29513	5.9026	50	50	49	50	50	50
29515	5.903	50	50	50	50	0	50
29519	5.9038	50	50	50	50	43	50
29545	5.909	50	50	50	50	0	50
29548	5.9096	0	50	50	50	50	50
29561	5.9122	0	50	0	50	50	50
29567	5.9134	50	50	50	50	0	50
29574	5.9148	50	50	50	50	23	50
29593	5.9186	50	50	50	50	0	50
29598	5.9196	50	50	50	50	47	50
29634	5.9268	21	50	50	50	50	50
29641	5.9282	0	50	50	50	50	50
29658	5.9316	50	50	50	50	23	50
29659	5.9318	50	50	50	50	0	50
29670	5.934	50	50	0	50	50	50
29681	5.9362	50	50	50	50	27	50
29700	5.94	49	50	50	50	50	50
29703	5.9406	50	50	50	50	23	50
29726	5.9452	50	50	50	50	43	50
29729	5.9458	50	50	50	50	23	50
29745	5.949	0	50	0	50	50	50
29773	5.9546	50	50	50	50	0	50
29792	5.9584	0	50	50	50	50	50
29804	5.9608	0	50	50	50	50	50
29807	5.9614	50	50	50	50	23	50
29844	5.9688	21	50	50	50	50	50
29853	5.9706	46	50	50	50	50	50
29857	5.9714	0	50	0	50	50	50
29883	5.9766	50	50	0	50	50	50
29898	5.9796	0	50	0	50	50	50
29915	5.983	48	50	50	50	50	50
29920	5.984	0	50	0	50	50	50
29930	5.986	50	50	50	50	0	50
29931	5.9862	50	50	50	50	23	50
29941	5.9882	48	50	50	50	50	50
29968	5.9936	50	50	50	50	25	50
29981	5.9962	0	50	50	50	50	50
29987	5.9974	0	50	50	50	50	50
30031	6.0062	0	50	50	50	50	50
30041	6.0082	50	50	50	50	0	50
30048	6.0096	50	50	50	50	23	50
30061	6.0122	50	50	45	50	50	50
30076	6.0152	0	50	50	50	50	50
30103	6.0206	50	50	50	50	43	50
30141	6.0282	50	50	50	50	0	50
30175	6.035	0	50	50	50	50	50
30207	6.0414	50	50	50	50	27	50
30322	6.0644	50	50	0	50	50	50
30439	6.0878	50	50	50	50	0	50
30450	6.09	50	50	50	50	23	50
30492	6.0984	50	50	50	50	0	50
30514	6.1028	50	50	28	50	50	50
30516	6.1032	50	50	50	50	0	50
30523	6.1046	50	50	50	50	0	50
30535	6.107	50	50	50	50	0	50
30603	6.1206	0	50	50	50	50	50
30631	6.1262	50	50	33	50	50	50
30689	6.1378	33	50	50	50	50	50
30690	6.138	0	50	50	50	50	50
30714	6.1428	50	50	50	50	0	50
30838	6.1676	50	50	0	50	50	50
30952	6.1904	50	50	50	50	18	50
30953	6.1906	0	50	50	50	50	50
31080	6.216	50	50	0	50	50	50
31089	6.2178	50	50	44	50	50	50
31091	6.2182	0	50	0	50	50	50
31141	6.2282	50	50	0	50	50	50
31166	6.2332	50	50	50	50	0	50
31173	6.2346	50	50	50	50	0	50
31202	6.2404	0	50	0	50	11	50
31223	6.2446	50	50	50	50	20	50
31280	6.256	50	50	50	50	0	50
31289	6.2578	29	50	50	50	50	50
31341	6.2682	50	50	0	50	50	50
31377	6.2754	50	50	50	50	0	50
31454	6.2908	0	50	50	50	50	50
31456	6.2912	50	50	0	50	50	50
31460	6.292	50	50	50	50	0	50
31491	6.2982	50	50	0	50	50	50
31522	6.3044	50	50	50	50	0	50
31541	6.3082	50	50	50	50	0	50
31562	6.3124	50	50	50	50	18	50
31563	6.3126	50	50	48	50	50	50
31611	6.3222	50	50	50	50	0	50
31655	6.331	33	50	50	50	50	50
31713	6.3426	50	50	50	50	32	50
31724	6.3448	29	50	50	50	50	50
31752	6.3504	0	50	0	50	44	50
31771	6.3542	0	50	0	50	50	50
31807	6.3614	50	50	50	50	48	50
31831	6.3662	0	50	0	50	50	50
31860	6.372	50	50	0	50	50	50
31874	6.3748	50	50	50	50	0	50
31896	6.3792	50	50	0	50	50	50
31902	6.3804	0	50	0	50	50	50
31937	6.3874	0	50	50	50	50	50
32010	6.402	50	50	50	50	18	50
32020	6.404	50	50	0	50	50	50
32068	6.4136	50	50	50	50	18	50
32074	6.4148	0	50	50	50	50	50
32115	6.423	50	50	50	50	32	50
32160	6.432	50	50	50	50	18	50
32177	6.4354	46	50	50	50	50	50
32183	6.4366	0	50	50	50	50	50
32240	6.448	50	50	50	50	32	50
32289	6.4578	0	50	50	50	50	50
32305	6.461	48	50	50	50	50	50
32355	6.471	0	50	50	50	50	50
32362	6.4724	0	50	50	50	50	50
32396	6.4792	50	50	0	50	50	50
32415	6.483	50	50	50	50	0	50
32435	6.487	50	50	50	50	0	50
32437	6.4874	50	50	50	50	0	50
32451	6.4902	0	50	50	50	50	50
32557	6.5114	0	50	50	50	50	50
32598	6.5196	0	50	0	50	50	50
32618	6.5236	50	50	50	50	0	50
32671	6.5342	50	50	0	50	50	50
32736	6.5472	50	50	50	50	32	50
32776	6.5552	0	50	50	50	50	50
32786	6.5572	50	50	0	50	50	50
32802	6.5604	0	50	50	50	50	50
32822	6.5644	50	50	0	50	50	50
32834	6.5668	50	50	50	50	0	50
32836	6.5672	50	50	50	50	32	50
32854	6.5708	50	50	50	50	0	50
32884	6.5768	50	50	47	50	50	50
32952	6.5904	50	50	50	50	0	50
32963	6.5926	0	50	50	50	50	50
32969	6.5938	50	50	12	50	50	50
32970	6.594	0	50	0	50	50	50
32988	6.5976	50	50	50	50	0	50
33037	6.6074	50	50	50	50	25	50
33076	6.6152	50	50	50	50	0	50
33091	6.6182	46	50	50	50	50	50
33098	6.6196	0	50	50	50	50	50
33104	6.6208	50	50	50	50	0	50
33163	6.6326	50	50	38	50	50	50
33194	6.6388	50	50	50	50	0	50
33250	6.65	21	50	50	50	50	50
33258	6.6516	0	50	0	50	50	50
33264	6.6528	50	50	50	50	0	50
33279	6.6558	50	50	0	50	0	50
33417	6.6834	0	50	0	50	50	50
33438	6.6876	0	50	0	50	50	50
33550	6.71	50	50	0	50	50	50
33558	6.7116	0	50	50	50	50	50
33568	6.7136	50	50	50	50	0	50
33570	6.714	50	50	50	50	0	50
33619	6.7238	50	50	48	50	50	50
33666	6.7332	0	50	0	50	50	50
33671	6.7342	21	50	50	50	50	50
33769	6.7538	50	50	0	50	50	50
33773	6.7546	0	50	50	50	50	50
33784	6.7568	50	50	50	50	49	50
33840	6.768	0	50	50	50	50	50
33853	6.7706	0	50	50	50	50	50
33879	6.7758	0	50	50	50	50	50
33880	6.776	0	50	50	50	50	50
33917	6.7834	29	50	50	50	50	50
33924	6.7848	50	50	50	50	45	50
34023	6.8046	50	50	50	50	25	50
34044	6.8088	50	50	50	50	0	50
34062	6.8124	50	50	50	50	49	50
34069	6.8138	0	50	50	50	50	50
34082	6.8164	35	50	50	50	50	50
34142	6.8284	50	50	50	50	0	50
34149	6.8298	50	50	0	50	50	50
34150	6.83	50	50	50	50	0	50
34187	6.8374	0	50	50	50	50	50
34196	6.8392	0	50	50	50	50	50
34197	6.8394	21	50	50	50	50	50
34276	6.8552	50	50	0	50	50	50
34287	6.8574	0	50	50	50	50	50
34321	6.8642	50	50	0	50	50	50
34425	6.885	50	50	50	50	0	50
34436	6.8872	0	50	0	50	50	50
34451	6.8902	50	50	50	50	0	50
34495	6.899	0	50	0	50	50	50
34497	6.8994	50	50	50	50	0	50
34502	6.9004	50	50	0	50	50	50
34512	6.9024	50	50	38	50	50	50
34528	6.9056	50	50	0	50	50	50
34552	6.9104	0	50	0	50	50	50
34600	6.92	50	50	50	50	25	50
34613	6.9226	0	50	50	50	50	50
34654	6.9308	0	50	50	50	50	50
34739	6.9478	50	50	50	50	0	50
34751	6.9502	49	50	50	50	50	50
34805	6.961	50	50	0	50	50	50
34812	6.9624	50	50	50	50	0	50
34825	6.965	50	50	50	50	0	50
34889	6.9778	50	50	0	50	50	50
34919	6.9838	50	50	0	50	50	50
34972	6.9944	0	50	50	50	50	50
34989	6.9978	50	50	50	50	0	50
35014	7.0028	50	50	50	50	0	50
35021	7.0042	50	50	50	50	0	50
35026	7.0052	48	50	50	50	50	50
35140	7.028	50	50	50	50	25	50
35143	7.0286	0	50	0	50	50	50
35205	7.041	50	50	50	50	40	50
35228	7.0456	50	50	50	50	0	50
35263	7.0526	0	50	50	50	50	50
35277	7.0554	50	50	0	50	50	50
35326	7.0652	0	50	50	50	50	50
35372	7.0744	0	50	0	50	50	50
35414	7.0828	50	50	50	50	7	50
35415	7.083	50	50	50	50	0	50
35446	7.0892	0	50	50	50	50	50
35450	7.09	50	50	0	50	50	50
35462	7.0924	50	50	50	50	0	50
35479	7.0958	50	50	50	50	0	50
35488	7.0976	50	50	50	50	0	50
35490	7.098	49	50	50	50	50	50
35576	7.1152	21	50	50	50	50	50
35589	7.1178	50	50	50	50	0	50
35597	7.1194	0	50	50	50	50	50
35602	7.1204	50	50	50	50	25	50
35612	7.1224	50	50	0	50	50	50
35620	7.124	48	50	50	50	50	50
35658	7.1316	49	50	50	50	50	50
35668	7.1336	0	50	50	50	50	50
35710	7.142	33	50	50	50	50	50
35764	7.1528	0	50	50	50	50	50
35820	7.164	50	50	50	50	48	50
35825	7.165	50	50	50	50	49	50
35828	7.1656	50	50	50	50	43	50
35876	7.1752	50	50	0	50	50	50
35885	7.177	50	50	0	50	50	50
35915	7.183	50	50	0	50	50	50
35969	7.1938	50	50	50	50	0	50
35985	7.197	0	50	50	50	50	50
35993	7.1986	50	50	0	50	50	50
35998	7.1996	50	50	0	50	50	50
36029	7.2058	50	50	33	50	50	50
36033	7.2066	0	50	50	50	50	50
36072	7.2144	0	50	50	50	50	50
36088	7.2176	50	50	0	50	50	50
36104	7.2208	50	50	34	50	50	50
36109	7.2218	50	50	0	50	50	50
36122	7.2244	50	50	50	50	0	50
36222	7.2444	50	50	50	50	0	50
36243	7.2486	50	50	0	50	50	50
36301	7.2602	50	50	50	50	0	50
36314	7.2628	50	50	0	50	50	50
36344	7.2688	50	50	50	50	49	50
36356	7.2712	0	50	0	50	50	50
36378	7.2756	50	50	50	50	7	50
36420	7.284	50	50	50	50	0	50
36468	7.2936	46	50	50	50	50	50
36506	7.3012	0	50	50	50	50	50
36510	7.302	49	50	50	50	50	50
36527	7.3054	0	50	0	50	50	50
36538	7.3076	50	50	49	50	50	50
36542	7.3084	48	50	50	50	50	50
36580	7.316	0	50	0	50	50	50
36593	7.3186	0	50	50	50	50	50
36634	7.3268	0	50	50	50	50	50
36662	7.3324	50	50	0	50	50	50
36691	7.3382	0	50	0	50	50	50
36698	7.3396	0	50	0	50	50	50
36722	7.3444	0	50	50	50	50	50
36735	7.347	50	50	50	50	0	50
36744	7.3488	50	50	50	50	0	50
36775	7.355	50	50	50	50	0	50
36777	7.3554	50	50	50	50	0	50
36826	7.3652	23	50	50	50	50	50
36880	7.376	50	50	12	50	50	50
36891	7.3782	50	50	0	50	50	50
36923	7.3846	0	50	50	50	50	50
36959	7.3918	50	50	0	50	50	50
36965	7.393	50	50	0	50	50	50
36989	7.3978	0	50	0	50	50	50
37060	7.412	50	50	50	50	0	50
37068	7.4136	50	50	12	50	50	50
37075	7.415	0	50	50	50	50	50
37103	7.4206	49	50	50	50	50	50
37124	7.4248	0	50	50	50	50	50
37217	7.4434	50	50	50	50	0	50
37237	7.4474	50	50	0	50	50	50
37263	7.4526	0	50	0	50	50	50
37296	7.4592	0	50	0	50	50	50
37299	7.4598	50	50	50	50	30	50
37379	7.4758	0	50	0	50	50	50
37386	7.4772	0	50	0	50	50	50
37473	7.4946	50	50	33	50	50	50
37478	7.4956	50	50	34	50	50	50
37502	7.5004	0	50	50	50	50	50
37505	7.501	50	50	50	50	0	50
37510	7.502	0	50	50	50	50	50
37515	7.503	0	50	0	50	50	50
37584	7.5168	50	50	50	50	43	50
37620	7.524	50	50	0	50	50	50
37623	7.5246	50	50	50	50	0	50
37842	7.5684	50	50	50	50	0	50
37848	7.5696	0	50	50	50	50	50
37854	7.5708	50	50	50	50	0	50
37856	7.5712	50	50	50	50	0	50
37986	7.5972	50	50	50	50	0	50
38000	7.6	50	50	50	50	0	50
38003	7.6006	50	50	50	50	0	50
38067	7.6134	50	50	0	50	50	50
38076	7.6152	50	50	50	50	0	50
38101	7.6202	0	50	50	50	50	50
38194	7.6388	50	50	50	50	30	50
38203	7.6406	0	50	50	50	50	50
38211	7.6422	0	50	50	50	50	50
38219	7.6438	0	50	50	50	50	50
38238	7.6476	50	50	0	50	50	50
38249	7.6498	50	50	0	50	50	50
38291	7.6582	0	50	50	50	50	50
38317	7.6634	50	50	50	50	0	50
38324	7.6648	50	50	50	50	27	50
38360	7.672	0	50	50	50	50	50
38366	7.6732	50	50	50	50	0	50
38367	7.6734	50	50	50	50	0	50
38403	7.6806	50	50	36	50	50	50
38424	7.6848	31	50	50	50	50	50
38511	7.7022	50	50	46	50	50	50
38545	7.709	0	50	50	50	50	50
38547	7.7094	50	50	0	50	50	50
38629	7.7258	50	50	0	50	50	50
38637	7.7274	50	50	50	50	0	50
38680	7.736	50	50	43	50	50	50
38700	7.74	0	50	50	50	50	50
38721	7.7442	50	50	0	50	50	50
38744	7.7488	0	50	50	50	50	50
38750	7.75	50	50	50	50	0	50
38754	7.7508	50	50	49	50	50	50
38763	7.7526	50	50	0	50	50	50
38777	7.7554	50	50	50	50	0	50
38808	7.7616	27	50	50	50	50	50
38911	7.7822	0	50	0	50	50	50
38933	7.7866	0	50	0	50	50	50
38952	7.7904	0	50	50	50	50	50
38989	7.7978	50	50	50	50	45	50
39043	7.8086	50	50	50	50	43	50
39070	7.814	50	50	50	50	49	50
39086	7.8172	0	50	50	50	0	50
39088	7.8176	23	50	50	50	50	50
39134	7.8268	0	50	50	50	50	50
39135	7.827	50	50	50	50	7	50
39194	7.8388	0	50	50	50	50	50
39262	7.8524	50	50	0	50	50	50
39265	7.853	50	50	50	50	49	50
39268	7.8536	49	50	50	50	50	50
39270	7.854	0	50	0	50	50	50
39327	7.8654	0	50	0	50	50	50
39341	7.8682	0	50	50	50	50	50
39366	7.8732	50	50	50	50	43	50
39381	7.8762	50	50	0	50	50	50
39409	7.8818	50	50	50	50	0	50
39468	7.8936	0	50	50	50	50	50
39512	7.9024	0	50	0	50	50	50
39530	7.906	50	50	0	50	50	50
39587	7.9174	0	50	0	50	50	50
39613	7.9226	49	50	50	50	50	50
39639	7.9278	50	50	50	50	0	50
39648	7.9296	0	50	0	50	50	50
39662	7.9324	50	50	50	50	0	50
39712	7.9424	50	50	50	50	46	50
39755	7.951	50	50	37	50	50	50
39769	7.9538	50	50	50	50	49	50
39783	7.9566	50	50	0	50	50	50
39812	7.9624	50	50	0	50	50	50
39906	7.9812	50	50	49	50	50	50
39931	7.9862	50	50	50	50	0	50
39943	7.9886	50	50	50	50	31	50
39969	7.9938	0	50	50	50	50	50
39975	7.995	50	50	49	50	50	50
39979	7.9958	50	50	50	50	0	50
39996	7.9992	50	50	50	50	0	50
40033	8.0066	50	50	0	50	50	50
40111	8.0222	0	50	0	50	50	50
40234	8.0468	0	50	50	50	50	50
40247	8.0494	0	50	50	50	50	50
40281	8.0562	50	50	50	50	43	50
40309	8.0618	0	50	0	50	50	50
40332	8.0664	0	50	50	50	50	50
40358	8.0716	0	50	50	50	50	50
40360	8.072	0	50	0	50	50	50
40371	8.0742	50	50	50	50	0	50
40372	8.0744	50	50	0	50	50	50
40384	8.0768	50	50	50	50	0	50
40416	8.0832	50	50	42	50	50	50
40426	8.0852	0	50	50	50	50	50
40439	8.0878	50	50	50	50	0	50
40448	8.0896	50	50	50	50	0	50
40460	8.092	0	50	50	50	50	50
40468	8.0936	0	50	0	50	50	50
40579	8.1158	50	50	36	50	50	50
40608	8.1216	50	50	50	50	43	50
40622	8.1244	50	50	0	50	50	50
40645	8.129	50	50	50	50	0	50
40649	8.1298	50	50	0	50	50	50
40700	8.14	35	50	50	50	50	50
40702	8.1404	50	50	0	50	50	50
40708	8.1416	50	50	50	50	43	50
40787	8.1574	50	50	0	50	50	50
40816	8.1632	50	50	50	50	0	50
40822	8.1644	0	50	0	50	50	50
40922	8.1844	0	50	0	50	50	50
41038	8.2076	50	50	50	50	45	50
41072	8.2144	0	50	0	50	50	50
41098	8.2196	50	50	50	50	7	50
41178	8.2356	50	50	50	50	0	50
41184	8.2368	50	50	0	50	50	50
41185	8.237	0	50	50	50	50	50
41198	8.2396	50	50	0	50	50	50
41209	8.2418	50	50	0	50	50	50
41210	8.242	50	50	0	50	50	50
41231	8.2462	50	50	50	50	0	50
41346	8.2692	0	50	50	50	0	50
41350	8.27	50	50	50	50	0	50
41359	8.2718	50	50	0	50	50	50
41363	8.2726	0	50	0	50	50	50
41366	8.2732	0	50	0	50	50	50
41375	8.275	50	50	0	50	50	50
41401	8.2802	50	50	50	50	0	50
41417	8.2834	50	50	50	50	0	50
41434	8.2868	0	50	50	50	50	50
41487	8.2974	0	50	0	50	50	50
41513	8.3026	0	50	50	50	50	50
41518	8.3036	50	50	0	50	50	50
41531	8.3062	0	50	50	50	50	50
41555	8.311	50	50	0	50	50	50
41561	8.3122	50	50	23	50	50	50
41581	8.3162	0	50	0	50	50	50
41602	8.3204	0	50	0	50	50	50
41667	8.3334	50	50	50	50	49	50
41701	8.3402	50	50	50	50	7	50
41745	8.349	50	50	50	50	0	50
41802	8.3604	0	50	50	50	50	50
41824	8.3648	50	50	50	50	0	50
41900	8.38	50	50	36	50	50	50
41901	8.3802	50	50	0	50	50	50
41905	8.381	50	50	50	50	43	50
41907	8.3814	0	50	50	50	50	50
41933	8.3866	50	50	0	50	50	50
41941	8.3882	50	50	25	50	50	50
41947	8.3894	50	50	50	50	0	50
41958	8.3916	50	50	0	50	50	50
41961	8.3922	50	50	50	50	0	50
41992	8.3984	50	50	0	50	50	50
42045	8.409	50	50	50	50	0	50
42111	8.4222	0	50	50	50	50	50
42117	8.4234	48	50	50	50	50	50
42130	8.426	50	50	0	50	50	50
42138	8.4276	50	50	0	50	50	50
42140	8.428	46	50	50	50	50	50
42148	8.4296	50	50	0	50	50	50
42154	8.4308	49	50	50	50	50	50
42168	8.4336	0	50	50	50	50	50
42190	8.438	0	50	50	50	50	50
42204	8.4408	50	50	50	50	0	50
42223	8.4446	50	50	50	50	0	50
42323	8.4646	50	50	50	50	0	50
42390	8.478	50	50	50	50	0	50
42395	8.479	50	50	50	50	48	50
42404	8.4808	0	50	50	50	50	50
42412	8.4824	50	50	23	50	50	50
42419	8.4838	50	50	0	50	50	50
42426	8.4852	50	50	0	50	50	50
42429	8.4858	50	50	50	50	0	50
42433	8.4866	50	50	50	50	0	50
42435	8.487	0	50	50	50	50	50
42438	8.4876	0	50	0	50	50	50
42504	8.5008	50	50	50	50	0	50
42506	8.5012	49	50	50	50	50	50
42514	8.5028	0	50	0	50	50	50
42541	8.5082	0	50	0	50	50	50
42570	8.514	50	50	50	50	0	50
42667	8.5334	50	50	0	50	50	50
42689	8.5378	50	50	0	50	50	50
42731	8.5462	50	50	0	50	50	50
42752	8.5504	50	50	50	50	0	50
42777	8.5554	50	50	17	50	50	50
42812	8.5624	50	50	42	50	50	50
42858	8.5716	50	50	50	50	0	50
42880	8.576	50	50	46	50	50	50
42909	8.5818	50	50	46	50	50	50
42935	8.587	50	50	48	50	50	50
42952	8.5904	0	50	50	50	50	50
42989	8.5978	50	50	50	50	0	50
43005	8.601	50	50	50	50	0	50
43026	8.6052	50	50	0	50	50	50
43036	8.6072	50	50	0	50	50	50
43083	8.6166	0	50	50	50	50	50
43099	8.6198	50	50	0	50	50	50
43140	8.628	48	50	50	50	50	50
43193	8.6386	50	50	50	50	0	50
43203	8.6406	50	50	0	50	50	50
43213	8.6426	0	50	50	50	50	50
43241	8.6482	50	50	0	50	50	50
43256	8.6512	50	50	50	50	0	50
43333	8.6666	0	50	0	50	50	50
43343	8.6686	50	50	0	50	50	50
43355	8.671	50	50	0	50	50	50
43420	8.684	0	50	50	50	50	50
43449	8.6898	50	50	50	50	0	50
43458	8.6916	50	50	9	50	50	50
43471	8.6942	0	50	50	50	50	50
43483	8.6966	50	50	0	50	50	50
43528	8.7056	50	50	50	50	0	50
43554	8.7108	50	50	0	50	50	50
43556	8.7112	50	50	50	50	0	50
43567	8.7134	50	50	50	50	0	50
43623	8.7246	50	50	0	50	50	50
43627	8.7254	50	50	0	50	50	50
43675	8.735	0	50	50	50	50	50
43705	8.741	50	50	32	50	50	50
43763	8.7526	50	50	50	50	45	50
43822	8.7644	0	50	50	50	50	50
43849	8.7698	0	50	50	50	50	50
43855	8.771	50	50	50	50	49	50
43872	8.7744	0	50	0	50	50	50
43907	8.7814	50	50	50	50	0	50
43954	8.7908	50	50	41	50	50	50
43981	8.7962	0	50	50	50	50	50
43983	8.7966	50	50	41	50	50	50
44079	8.8158	15	50	50	50	50	50
44111	8.8222	50	50	50	50	0	50
44121	8.8242	0	50	0	50	50	50
44145	8.829	50	50	0	50	50	50
44199	8.8398	0	50	50	50	50	50
44284	8.8568	50	50	50	50	0	50
44395	8.879	50	50	0	50	50	50
44450	8.89	0	50	0	50	50	50
44464	8.8928	0	50	50	50	50	50
44467	8.8934	50	50	50	50	0	50
44468	8.8936	50	50	0	50	50	50
44475	8.895	46	50	50	50	50	50
44483	8.8966	50	50	0	50	50	50
44597	8.9194	50	50	50	50	0	50
44616	8.9232	50	50	0	50	50	50
44618	8.9236	50	50	0	50	50	50
44622	8.9244	50	50	50	50	0	50
44643	8.9286	50	50	50	50	0	50
44660	8.932	50	50	50	50	0	50
44734	8.9468	50	50	0	50	50	50
44744	8.9488	0	50	50	50	50	50
44774	8.9548	35	50	50	50	50	50
44890	8.978	50	50	0	50	50	50
44925	8.985	50	50	50	50	0	50
44930	8.986	50	50	50	50	0	50
44944	8.9888	50	50	50	50	0	50
44982	8.9964	50	50	0	50	50	50
45051	9.0102	50	50	50	50	0	50
45055	9.011	50	50	50	50	0	50
45066	9.0132	0	50	50	50	50	50
45118	9.0236	50	50	50	50	0	50
45121	9.0242	50	50	0	50	50	50
45141	9.0282	50	50	0	50	50	50
45156	9.0312	0	50	0	50	50	50
45163	9.0326	50	50	42	50	50	50
45169	9.0338	0	50	50	50	50	50
45182	9.0364	50	50	50	50	31	50
45187	9.0374	0	50	50	50	50	50
45197	9.0394	0	50	50	50	50	50
45236	9.0472	0	50	50	50	50	50
45256	9.0512	0	50	0	50	50	50
45278	9.0556	50	50	50	50	48	50
45314	9.0628	50	50	50	50	0	50
45408	9.0816	0	50	50	50	50	50
45419	9.0838	50	50	42	50	50	50
45465	9.093	0	50	50	50	50	50
45514	9.1028	48	50	50	50	50	50
45525	9.105	0	50	0	50	50	50
45542	9.1084	50	50	0	50	50	50
45628	9.1256	0	50	0	50	50	50
45658	9.1316	50	50	50	50	0	50
45661	9.1322	48	50	50	50	50	50
45690	9.138	50	50	50	50	24	50
45704	9.1408	50	50	43	50	50	50
45801	9.1602	0	50	0	50	50	50
45805	9.161	50	50	50	50	0	50
45806	9.1612	50	50	50	50	0	50
45822	9.1644	50	50	0	50	50	50
45823	9.1646	0	50	50	50	50	50
45874	9.1748	50	50	50	50	0	50
45963	9.1926	50	50	50	50	0	50
46047	9.2094	0	50	50	50	50	50
46055	9.211	0	50	0	50	50	50
46064	9.2128	50	50	50	50	0	50
46084	9.2168	50	50	48	50	50	50
46129	9.2258	50	50	50	50	0	50
46132	9.2264	50	50	0	50	50	50
46147	9.2294	0	50	0	50	50	50
46222	9.2444	50	50	50	50	31	50
46251	9.2502	50	50	50	50	45	50
46258	9.2516	50	50	50	50	0	50
46263	9.2526	50	50	50	50	0	50
46306	9.2612	50	50	0	50	50	50
46421	9.2842	50	50	0	50	50	50
46423	9.2846	50	50	50	50	48	50
46469	9.2938	50	50	50	50	45	50
46531	9.3062	50	50	50	50	0	50
46535	9.307	0	50	50	50	50	50
46628	9.3256	50	50	0	50	50	50
46650	9.33	41	50	50	50	50	50
46663	9.3326	0	50	0	50	50	50
46678	9.3356	50	50	50	50	0	50
46685	9.337	50	50	42	50	50	50
46698	9.3396	0	50	50	50	50	50
46702	9.3404	50	50	50	50	0	50
46715	9.343	50	50	50	50	0	50
46759	9.3518	50	50	0	50	50	50
46803	9.3606	0	50	0	50	50	50
46851	9.3702	50	50	50	50	0	50
46894	9.3788	50	50	50	50	0	50
46898	9.3796	0	50	0	50	50	50
46959	9.3918	50	50	50	50	0	50
46983	9.3966	0	50	50	50	50	50
47003	9.4006	50	50	17	50	50	50
47016	9.4032	50	50	17	50	50	50
47020	9.404	50	50	33	50	50	50
47035	9.407	0	50	50	50	50	50
47052	9.4104	50	50	46	50	50	50
47061	9.4122	50	50	50	50	0	50
47114	9.4228	50	50	50	50	0	50
47120	9.424	50	50	50	50	0	50
47130	9.426	32	50	50	50	50	50
47153	9.4306	50	50	50	50	0	50
47156	9.4312	50	50	41	50	50	50
47177	9.4354	50	50	0	50	50	50
47186	9.4372	50	50	50	50	49	50
47202	9.4404	50	50	42	50	50	50
47234	9.4468	50	50	0	50	50	50
47239	9.4478	50	50	50	50	0	50
47329	9.4658	0	50	50	50	50	50
47371	9.4742	0	50	0	50	50	50
47384	9.4768	0	50	0	50	50	50
47398	9.4796	50	50	0	50	50	50
47435	9.487	50	50	50	50	0	50
47469	9.4938	50	50	50	50	0	50
47481	9.4962	0	50	50	50	50	50
47515	9.503	0	50	0	50	50	50
47559	9.5118	50	50	0	50	50	50
47576	9.5152	50	50	50	50	43	50
47630	9.526	50	50	50	50	0	50
47637	9.5274	50	50	17	50	50	50
47653	9.5306	43	50	50	50	50	50
47663	9.5326	0	50	50	50	50	50
47675	9.535	50	50	0	50	50	50
47681	9.5362	50	50	50	50	47	50
47714	9.5428	50	50	50	50	0	50
47731	9.5462	50	50	50	50	48	50
47757	9.5514	50	50	0	50	50	50
47798	9.5596	50	50	50	50	0	50
47849	9.5698	50	50	50	50	0	50
47854	9.5708	0	50	50	50	50	50
47986	9.5972	50	50	50	50	0	50
48018	9.6036	50	50	50	50	0	50
48026	9.6052	0	50	0	50	50	50
48027	9.6054	50	50	0	50	50	50
48051	9.6102	39	50	50	50	50	50
48111	9.6222	50	50	50	50	0	50
48152	9.6304	50	50	50	50	0	50
48242	9.6484	0	50	0	50	50	50
48251	9.6502	50	50	0	50	50	50
48264	9.6528	50	50	33	50	50	50
48275	9.655	0	50	50	50	50	50
48350	9.67	0	50	0	50	50	50
48408	9.6816	50	50	50	50	0	50
48427	9.6854	17	50	50	50	50	50
48562	9.7124	50	50	41	50	50	50
48567	9.7134	50	50	0	50	0	50
48571	9.7142	0	50	0	50	50	50
48576	9.7152	50	50	50	50	0	50
48581	9.7162	50	50	37	50	50	50
48621	9.7242	50	50	0	50	50	50
48629	9.7258	50	50	0	50	50	50
48648	9.7296	50	50	50	50	0	50
48660	9.732	0	50	50	50	50	50
48683	9.7366	50	50	0	50	50	50
48724	9.7448	50	50	50	50	0	50
48754	9.7508	0	50	50	50	50	50
48813	9.7626	50	50	50	50	45	50
48827	9.7654	48	50	50	50	50	50
48834	9.7668	0	50	50	50	50	50
48874	9.7748	50	50	31	50	50	50
48887	9.7774	0	50	50	50	50	50
48894	9.7788	50	50	50	50	41	50
48905	9.781	0	50	50	50	50	50
48923	9.7846	50	50	50	50	0	50
48980	9.796	50	50	0	50	50	50
49011	9.8022	50	50	50	50	48	50
49049	9.8098	0	50	50	50	50	50
49115	9.823	50	50	0	50	50	50
49150	9.83	50	50	50	50	0	50
49159	9.8318	50	50	0	50	50	50
49165	9.833	50	50	46	50	50	50
49247	9.8494	50	50	50	50	0	50
49251	9.8502	50	50	50	50	0	50
49272	9.8544	0	50	0	50	50	50
49329	9.8658	11	50	50	50	50	50
49338	9.8676	50	50	50	50	0	50
49394	9.8788	50	50	0	50	50	50
49409	9.8818	50	50	49	50	50	50
49427	9.8854	50	50	50	50	0	50
49431	9.8862	50	50	50	50	0	50
49516	9.9032	0	50	50	50	50	50
49628	9.9256	50	50	50	50	45	50
49696	9.9392	50	50	50	50	0	50
49708	9.9416	50	50	48	50	50	50
49753	9.9506	50	50	50	50	0	50
49789	9.9578	50	50	50	50	0	50
49797	9.9594	50	50	48	50	50	50
49806	9.9612	50	50	34	50	50	50
49807	9.9614	50	50	50	50	0	50
49837	9.9674	0	50	50	50	50	50
49924	9.9848	50	50	50	50	0	50
49948	9.9896	0	50	50	50	50	50
