21	0.0042	0	50	0	50	0	50	50	50
64	0.0128	50	50	45	50	50	50	50	50
72	0.0144	50	50	50	50	50	50	0	50
91	0.0182	50	50	0	50	50	50	50	50
109	0.0218	0	50	50	50	50	50	50	50
115	0.023	50	50	0	50	50	50	50	50
179	0.0358	50	50	50	50	0	50	50	50
183	0.0366	50	50	50	50	0	50	50	50
196	0.0392	50	50	50	50	50	50	0	50
206	0.0412	0	50	50	50	50	50	50	50
224	0.0448	50	50	50	50	0	50	50	50
251	0.0502	45	50	50	50	50	50	50	50
301	0.0602	40	50	50	50	50	50	50	50
311	0.0622	47	50	50	50	50	50	50	50
313	0.0626	0	50	50	50	50	50	50	50
391	0.0782	50	50	50	50	0	50	50	50
406	0.0812	0	50	50	50	50	50	50	50
415	0.083	50	50	50	50	50	50	43	50
424	0.0848	0	50	0	50	50	50	50	50
427	0.0854	0	50	50	50	50	50	50	50
436	0.0872	0	50	0	50	0	50	50	50
459	0.0918	47	50	50	50	50	50	50	50
473	0.0946	0	50	0	50	50	50	50	50
507	0.1014	0	50	50	50	50	50	50	50
528	0.1056	50	50	50	50	50	50	0	50
565	0.113	50	50	0	50	50	50	50	50
567	0.1134	50	50	50	50	50	50	41	50
574	0.1148	0	50	0	50	0	50	50	50
617	0.1234	50	50	50	50	50	50	48	50
629	0.1258	50	50	50	50	0	50	50	50
632	0.1264	49	50	50	50	50	50	50	50
637	0.1274	50	50	0	50	50	50	50	50
680	0.136	50	50	50	50	50	50	0	50
698	0.1396	50	50	50	50	45	50	50	50
747	0.1494	50	50	48	50	50	50	50	50
777	0.1554	50	50	50	50	50	50	0	50
786	0.1572	50	50	50	50	50	50	0	50
787	0.1574	50	50	50	50	50	50	0	50
800	0.16	50	50	28	50	50	50	50	50
813	0.1626	50	50	50	50	0	50	50	50
831	0.1662	50	50	0	50	50	50	50	50
894	0.1788	50	50	50	50	50	50	0	50
909	0.1818	50	50	50	50	36	50	50	50
912	0.1824	50	50	50	50	0	50	50	50
927	0.1854	50	50	48	50	50	50	50	50
978	0.1956	50	50	50	50	50	50	0	50
987	0.1974	50	50	50	50	0	50	50	50
995	0.199	50	50	50	50	0	50	50	50
1004	0.2008	50	50	48	50	50	50	50	50
1005	0.201	50	50	50	50	50	50	0	50
1006	0.2012	50	50	50	50	0	50	50	50
1014	0.2028	0	50	0	50	50	50	50	50
1021	0.2042	50	50	47	50	50	50	50	50
1062	0.2124	0	50	0	50	0	50	50	50
1063	0.2126	0	50	0	50	50	50	50	50
1082	0.2164	50	50	50	50	50	50	0	50
1085	0.217	0	50	0	50	0	50	50	50
1117	0.2234	50	50	50	50	50	50	0	50
1123	0.2246	0	50	0	50	50	50	50	50
1133	0.2266	50	50	50	50	0	50	50	50
1149	0.2298	50	50	50	50	0	50	50	50
1181	0.2362	50	50	50	50	50	50	0	50
1194	0.2388	50	50	50	50	50	50	0	50
1196	0.2392	50	50	50	50	50	50	0	50
1197	0.2394	50	50	50	50	0	50	50	50
1205	0.241	50	50	50	50	0	50	50	50
1225	0.245	50	50	50	50	0	50	50	50
1252	0.2504	0	50	0	50	0	50	50	50
1285	0.257	50	50	50	50	50	50	0	50
1305	0.261	0	50	50	50	50	50	50	50
1320	0.264	50	50	50	50	0	50	50	50
1352	0.2704	50	50	50	50	50	50	0	50
1396	0.2792	50	50	50	50	0	50	50	50
1405	0.281	50	50	50	50	50	50	0	50
1416	0.2832	0	50	0	50	0	50	50	50
1447	0.2894	50	50	50	50	50	50	0	50
1449	0.2898	0	50	0	50	50	50	50	50
1450	0.29	0	50	0	50	0	50	50	50
1472	0.2944	50	50	50	50	50	50	47	50
1477	0.2954	50	50	50	50	50	50	0	50
1503	0.3006	50	50	50	50	50	50	0	50
1530	0.306	0	50	0	50	0	50	50	50
1557	0.3114	50	50	50	50	50	50	45	50
1560	0.312	0	50	0	50	0	50	50	50
1574	0.3148	50	50	50	50	50	50	0	50
1578	0.3156	49	50	50	50	50	50	50	50
1602	0.3204	50	50	50	50	0	50	50	50
1603	0.3206	50	50	50	50	50	50	0	50
1646	0.3292	50	50	50	50	50	50	5	50
1651	0.3302	50	50	50	50	0	50	50	50
1663	0.3326	0	50	50	50	50	50	50	50
1679	0.3358	29	50	50	50	50	50	50	50
1691	0.3382	50	50	50	50	48	50	50	50
1705	0.341	50	50	50	50	50	50	0	50
1716	0.3432	0	50	50	50	50	50	50	50
1717	0.3434	0	50	50	50	50	50	50	50
1726	0.3452	50	50	50	50	50	50	0	50
1743	0.3486	50	50	50	50	50	50	0	50
1787	0.3574	50	50	50	50	50	50	0	50
1833	0.3666	0	50	50	50	50	50	50	50
1835	0.367	50	50	50	50	50	50	45	50
1841	0.3682	50	50	50	50	0	50	50	50
1842	0.3684	50	50	0	50	50	50	50	50
1855	0.371	50	50	50	50	48	50	50	50
1873	0.3746	0	50	50	50	50	50	50	50
1879	0.3758	0	50	0	50	0	50	50	50
1890	0.378	50	50	0	50	50	50	50	50
1901	0.3802	0	50	0	50	50	50	50	50
1902	0.3804	0	50	0	50	50	50	50	50
1931	0.3862	50	50	50	50	50	50	0	50
1943	0.3886	50	50	50	50	50	50	0	50
1953	0.3906	50	50	50	50	0	50	50	50
1956	0.3912	50	50	50	50	0	50	50	50
1980	0.396	0	50	0	50	50	50	50	50
1982	0.3964	50	50	50	50	0	50	50	50
2001	0.4002	50	50	50	50	50	50	0	50
2002	0.4004	26	50	50	50	50	50	50	50
2011	0.4022	48	50	50	50	50	50	50	50
2012	0.4024	50	50	0	50	50	50	50	50
2037	0.4074	0	50	50	50	50	50	50	50
2055	0.411	50	50	50	50	50	50	0	50
2058	0.4116	50	50	49	50	50	50	50	50
2099	0.4198	50	50	50	50	35	50	50	50
2120	0.424	0	50	50	50	50	50	50	50
2134	0.4268	0	50	0	50	50	50	50	50
2189	0.4378	50	50	50	50	0	50	50	50
2203	0.4406	50	50	50	50	48	50	50	50
2222	0.4444	50	50	50	50	50	50	0	50
2228	0.4456	50	50	50	50	50	50	0	50
2244	0.4488	50	50	50	50	50	50	0	50
2245	0.449	50	50	50	50	50	50	0	50
2261	0.4522	50	50	50	50	50	50	0	50
2289	0.4578	50	50	50	50	50	50	0	50
2338	0.4676	50	50	50	50	50	50	0	50
2348	0.4696	0	50	0	50	0	50	50	50
2376	0.4752	0	50	50	50	50	50	50	50
2391	0.4782	50	50	0	50	50	50	50	50
2418	0.4836	0	50	0	50	50	50	50	50
2419	0.4838	50	50	50	50	50	50	0	50
2441	0.4882	0	50	50	50	50	50	50	50
2457	0.4914	50	50	0	50	50	50	50	50
2472	0.4944	0	50	0	50	0	50	50	50
2492	0.4984	50	50	50	50	0	50	50	50
2509	0.5018	0	50	50	50	50	50	50	50
2536	0.5072	50	50	36	50	50	50	50	50
2563	0.5126	0	50	0	50	50	50	50	50
2578	0.5156	50	50	50	50	50	50	45	50
2587	0.5174	29	50	50	50	50	50	50	50
2606	0.5212	50	50	50	50	0	50	50	50
2611	0.5222	49	50	50	50	50	50	50	50
2614	0.5228	50	50	0	50	50	50	50	50
2648	0.5296	50	50	50	50	0	50	50	50
2658	0.5316	50	50	0	50	50	50	50	50
2662	0.5324	49	50	50	50	50	50	50	50
2700	0.54	0	50	0	50	50	50	50	50
2774	0.5548	50	50	50	50	50	50	0	50
2797	0.5594	50	50	50	50	35	50	50	50
2798	0.5596	50	50	50	50	50	50	0	50
2800	0.56	50	50	0	50	50	50	50	50
2839	0.5678	0	50	50	50	50	50	50	50
2860	0.572	50	50	0	50	50	50	50	50
2872	0.5744	50	50	50	50	46	50	50	50
2884	0.5768	50	50	50	50	50	50	0	50
2899	0.5798	0	50	0	50	50	50	50	50
2925	0.585	0	50	50	50	0	50	0	50
2926	0.5852	50	50	50	50	50	50	0	50
2939	0.5878	50	50	50	50	0	50	50	50
2961	0.5922	50	50	50	50	50	50	0	50
2988	0.5976	50	50	50	50	50	50	0	50
3001	0.6002	50	50	50	50	50	50	0	50
3034	0.6068	50	50	50	50	15	50	50	50
3071	0.6142	0	50	50	50	50	50	50	50
3075	0.615	50	50	50	50	50	50	0	50
3099	0.6198	50	50	50	50	0	50	50	50
3119	0.6238	50	50	50	50	50	50	0	50
3156	0.6312	49	50	50	50	50	50	50	50
3179	0.6358	0	50	0	50	0	50	50	50
3180	0.636	50	50	0	50	50	50	50	50
3194	0.6388	0	50	0	50	0	50	50	50
3195	0.639	50	50	50	50	50	50	0	50
3224	0.6448	50	50	50	50	0	50	50	50
3236	0.6472	0	50	0	50	0	50	50	50
3262	0.6524	50	50	50	50	0	50	50	50
3277	0.6554	0	50	0	50	0	50	50	50
3284	0.6568	50	50	50	50	0	50	50	50
3292	0.6584	0	50	50	50	50	50	50	50
3343	0.6686	0	50	0	50	0	50	50	50
3352	0.6704	50	50	50	50	50	50	0	50
3413	0.6826	50	50	50	50	50	50	48	50
3463	0.6926	50	50	50	50	50	50	0	50
3474	0.6948	0	50	0	50	50	50	50	50
3479	0.6958	45	50	50	50	50	50	50	50
3497	0.6994	50	50	50	50	50	50	0	50
3610	0.722	50	50	50	50	0	50	50	50
3620	0.724	50	50	0	50	50	50	50	50
3647	0.7294	0	50	50	50	50	50	50	50
3649	0.7298	50	50	50	50	50	50	0	50
3658	0.7316	0	50	0	50	0	50	2	50
3660	0.732	50	50	50	50	0	50	50	50
3725	0.745	50	50	50	50	0	50	50	50
3744	0.7488	50	50	50	50	50	50	43	50
3748	0.7496	50	50	50	50	0	50	50	50
3751	0.7502	0	50	0	50	0	50	50	50
3766	0.7532	50	50	0	50	50	50	50	50
3832	0.7664	0	50	0	50	50	50	50	50
3855	0.771	50	50	50	50	49	50	50	50
3866	0.7732	50	50	50	50	0	50	50	50
3907	0.7814	0	50	0	50	0	50	50	50
3918	0.7836	50	50	50	50	12	50	50	50
3944	0.7888	50	50	50	50	50	50	0	50
3950	0.79	50	50	44	50	50	50	50	50
4007	0.8014	50	50	50	50	50	50	0	50
4023	0.8046	0	50	0	50	50	50	50	50
4040	0.808	0	50	50	50	50	50	50	50
4045	0.809	50	50	50	50	50	50	0	50
4064	0.8128	50	50	50	50	50	50	0	50
4095	0.819	50	50	50	50	50	50	0	50
4100	0.82	0	50	50	50	50	50	50	50
4144	0.8288	50	50	48	50	50	50	50	50
4146	0.8292	50	50	49	50	50	50	50	50
4161	0.8322	50	50	50	50	50	50	0	50
4189	0.8378	0	50	0	50	50	50	50	50
4212	0.8424	50	50	45	50	50	50	50	50
4213	0.8426	50	50	0	50	50	50	50	50
4232	0.8464	50	50	0	50	50	50	50	50
4240	0.848	50	50	50	50	0	50	50	50
4246	0.8492	0	50	0	50	0	50	50	50
4286	0.8572	50	50	50	50	50	50	49	50
4291	0.8582	50	50	30	50	50	50	50	50
4313	0.8626	50	50	48	50	50	50	50	50
4342	0.8684	50	50	50	50	0	50	50	50
4384	0.8768	50	50	50	50	0	50	50	50
4398	0.8796	45	50	50	50	50	50	50	50
4407	0.8814	50	50	50	50	0	50	50	50
4414	0.8828	0	50	0	50	0	50	50	50
4418	0.8836	25	50	50	50	50	50	50	50
4494	0.8988	0	50	50	50	50	50	50	50
4529	0.9058	50	50	50	50	50	50	0	50
4565	0.913	0	50	50	50	50	50	50	50
4568	0.9136	50	50	0	50	50	50	50	50
4582	0.9164	0	50	0	50	0	50	50	50
4587	0.9174	50	50	50	50	0	50	50	50
4598	0.9196	0	50	50	50	50	50	50	50
4606	0.9212	50	50	50	50	50	50	0	50
4618	0.9236	0	50	50	50	50	50	50	50
4638	0.9276	50	50	50	50	50	50	0	50
4654	0.9308	0	50	50	50	50	50	50	50
4659	0.9318	50	50	50	50	12	50	50	50
4673	0.9346	50	50	50	50	50	50	0	50
4681	0.9362	50	50	29	50	50	50	50	50
4701	0.9402	50	50	50	50	50	50	45	50
4705	0.941	0	50	50	50	50	50	50	50
4707	0.9414	0	50	50	50	50	50	50	50
4715	0.943	50	50	0	50	50	50	50	50
4724	0.9448	0	50	0	50	0	50	50	50
4745	0.949	0	50	0	50	0	50	50	50
4750	0.95	50	50	0	50	50	50	50	50
4756	0.9512	50	50	50	50	0	50	50	50
4773	0.9546	50	50	50	50	0	50	50	50
4791	0.9582	50	50	50	50	50	50	0	50
4835	0.967	50	50	50	50	50	50	0	50
4842	0.9684	50	50	50	50	50	50	0	50
4846	0.9692	50	50	50	50	0	50	50	50
4865	0.973	50	50	50	50	50	50	0	50
4868	0.9736	0	50	50	50	50	50	50	50
4871	0.9742	0	50	0	50	50	50	50	50
4882	0.9764	0	50	0	50	0	50	50	50
4885	0.977	50	50	50	50	50	50	0	50
4976	0.9952	50	50	50	50	0	50	50	50
5006	1.0012	50	50	50	50	0	50	50	50
5039	1.0078	50	50	46	50	50	50	50	50
5041	1.0082	0	50	0	50	50	50	50	50
5067	1.0134	50	50	50	50	50	50	45	50
5088	1.0176	50	50	49	50	50	50	50	50
5129	1.0258	50	50	50	50	50	50	48	50
5154	1.0308	0	50	50	50	50	50	50	50
5156	1.0312	50	50	50	50	50	50	0	50
5165	1.033	0	50	50	50	50	50	50	50
5177	1.0354	0	50	50	50	50	50	50	50
5189	1.0378	50	50	50	50	0	50	50	50
5219	1.0438	43	50	50	50	50	50	50	50
5220	1.044	50	50	50	50	47	50	50	50
5221	1.0442	0	50	50	50	50	50	50	50
5237	1.0474	50	50	50	50	50	50	0	50
5242	1.0484	50	50	50	50	50	50	0	50
5263	1.0526	0	50	0	50	50	50	50	50
5268	1.0536	50	50	50	50	45	50	50	50
5275	1.055	50	50	50	50	50	50	43	50
5276	1.0552	50	50	50	50	50	50	0	50
5290	1.058	0	50	50	50	50	50	50	50
5308	1.0616	0	50	0	50	0	50	50	50
5341	1.0682	50	50	50	50	50	50	0	50
5354	1.0708	50	50	50	50	0	50	50	50
5361	1.0722	50	50	50	50	50	50	0	50
5392	1.0784	50	50	50	50	0	50	50	50
5403	1.0806	0	50	0	50	0	50	50	50
5422	1.0844	50	50	50	50	50	50	49	50
5434	1.0868	50	50	50	50	50	50	29	50
5444	1.0888	0	50	0	50	0	50	50	50
5492	1.0984	50	50	50	50	50	50	0	50
5516	1.1032	50	50	50	50	0	50	50	50
5520	1.104	0	50	0	50	50	50	50	50
5533	1.1066	50	50	50	50	40	50	50	50
5541	1.1082	50	50	50	50	50	50	48	50
5545	1.109	50	50	50	50	0	50	50	50
5558	1.1116	0	50	50	50	50	50	50	50
5627	1.1254	50	50	0	50	50	50	50	50
5630	1.126	50	50	0	50	50	50	50	50
5634	1.1268	50	50	48	50	50	50	50	50
5653	1.1306	0	50	0	50	0	50	50	50
5657	1.1314	50	50	0	50	50	50	50	50
5670	1.134	50	50	50	50	50	50	0	50
5714	1.1428	50	50	0	50	50	50	50	50
5754	1.1508	50	50	50	50	0	50	50	50
5758	1.1516	50	50	50	50	47	50	50	50
5764	1.1528	49	50	50	50	50	50	50	50
5798	1.1596	50	50	50	50	0	50	50	50
5799	1.1598	0	50	50	50	50	50	50	50
5800	1.16	50	50	50	50	50	50	0	50
5801	1.1602	50	50	50	50	0	50	50	50
5812	1.1624	0	50	0	50	0	50	50	50
5816	1.1632	50	50	50	50	50	50	0	50
5824	1.1648	50	50	50	50	50	50	48	50
5840	1.168	0	50	50	50	50	50	50	50
5865	1.173	50	50	50	50	38	50	50	50
5944	1.1888	50	50	50	50	50	50	0	50
5948	1.1896	50	50	50	50	50	50	0	50
5975	1.195	0	50	50	50	50	50	50	50
5982	1.1964	0	50	50	50	50	50	50	50
6002	1.2004	0	50	0	50	0	50	50	50
6013	1.2026	50	50	50	50	0	50	50	50
6058	1.2116	50	50	50	50	50	50	0	50
6068	1.2136	50	50	50	50	50	50	0	50
6077	1.2154	0	50	0	50	50	50	50	50
6115	1.223	50	50	0	50	50	50	50	50
6120	1.224	0	50	0	50	0	50	50	50
6140	1.228	50	50	0	50	50	50	50	50
6146	1.2292	0	50	0	50	50	50	50	50
6151	1.2302	50	50	0	50	50	50	50	50
6179	1.2358	0	50	50	50	50	50	50	50
6180	1.236	50	50	50	50	50	50	0	50
6189	1.2378	0	50	0	50	0	50	50	50
6214	1.2428	50	50	50	50	50	50	0	50
6223	1.2446	50	50	0	50	50	50	50	50
6230	1.246	0	50	0	50	0	50	50	50
6240	1.248	50	50	0	50	50	50	50	50
6242	1.2484	50	50	50	50	0	50	50	50
6272	1.2544	0	50	0	50	0	50	50	50
6324	1.2648	0	50	50	50	50	50	50	50
6328	1.2656	50	50	50	50	50	50	0	50
6333	1.2666	50	50	50	50	34	50	50	50
6335	1.267	50	50	50	50	0	50	50	50
6338	1.2676	50	50	50	50	48	50	50	50
6343	1.2686	50	50	0	50	50	50	50	50
6347	1.2694	0	50	0	50	0	50	50	50
6379	1.2758	50	50	0	50	50	50	50	50
6383	1.2766	0	50	0	50	0	50	50	50
6396	1.2792	50	50	50	50	50	50	0	50
6415	1.283	50	50	50	50	49	50	50	50
6425	1.285	50	50	50	50	50	50	0	50
6446	1.2892	50	50	50	50	0	50	50	50
6453	1.2906	50	50	50	50	50	50	0	50
6465	1.293	0	50	0	50	0	50	5	50
6469	1.2938	50	50	0	50	50	50	50	50
6480	1.296	0	50	50	50	50	50	50	50
6483	1.2966	50	50	0	50	50	50	50	50
6496	1.2992	0	50	0	50	50	50	50	50
6504	1.3008	49	50	50	50	50	50	50	50
6519	1.3038	50	50	50	50	0	50	50	50
6551	1.3102	0	50	0	50	0	50	50	50
6623	1.3246	50	50	50	50	50	50	0	50
6650	1.33	0	50	0	50	0	50	50	50
6651	1.3302	0	50	50	50	50	50	50	50
6657	1.3314	50	50	50	50	50	50	0	50
6748	1.3496	50	50	50	50	50	50	0	50
6759	1.3518	50	50	50	50	50	50	48	50
6763	1.3526	50	50	50	50	50	50	0	50
6791	1.3582	50	50	50	50	0	50	50	50
6807	1.3614	49	50	50	50	50	50	50	50
6809	1.3618	50	50	50	50	0	50	50	50
6823	1.3646	50	50	50	50	50	50	0	50
6839	1.3678	50	50	50	50	0	50	50	50
6858	1.3716	50	50	50	50	0	50	50	50
6859	1.3718	50	50	50	50	0	50	50	50
6863	1.3726	0	50	50	50	50	50	50	50
6868	1.3736	50	50	50	50	50	50	0	50
6872	1.3744	0	50	50	50	50	50	50	50
6881	1.3762	50	50	50	50	50	50	0	50
6912	1.3824	50	50	50	50	0	50	50	50
6963	1.3926	0	50	50	50	50	50	50	50
6970	1.394	50	50	50	50	50	50	49	50
7006	1.4012	50	50	0	50	50	50	50	50
7044	1.4088	50	50	50	50	50	50	0	50
7053	1.4106	0	50	0	50	50	50	50	50
7056	1.4112	50	50	50	50	50	50	0	50
7081	1.4162	50	50	50	50	0	50	50	50
7104	1.4208	50	50	50	50	0	50	50	50
7122	1.4244	50	50	50	50	0	50	50	50
7129	1.4258	0	50	0	50	0	50	5	50
7158	1.4316	50	50	50	50	50	50	0	50
7159	1.4318	50	50	50	50	50	50	43	50
7171	1.4342	50	50	50	50	50	50	49	50
7190	1.438	0	50	0	50	0	50	50	50
7191	1.4382	50	50	50	50	50	50	0	50
7215	1.443	0	50	0	50	50	50	50	50
7221	1.4442	50	50	50	50	0	50	50	50
7223	1.4446	0	50	50	50	50	50	50	50
7255	1.451	50	50	50	50	0	50	50	50
7264	1.4528	50	50	50	50	0	50	50	50
7292	1.4584	50	50	50	50	0	50	50	50
7323	1.4646	0	50	0	50	50	50	50	50
7328	1.4656	0	50	0	50	0	50	1	50
7334	1.4668	50	50	0	50	50	50	50	50
7340	1.468	0	50	0	50	0	50	50	50
7341	1.4682	25	50	50	50	50	50	50	50
7396	1.4792	0	50	0	50	0	50	50	50
7407	1.4814	50	50	45	50	50	50	50	50
7416	1.4832	50	50	50	50	50	50	0	50
7453	1.4906	50	50	0	50	50	50	50	50
7457	1.4914	50	50	49	50	50	50	50	50
7468	1.4936	18	50	50	50	50	50	50	50
7471	1.4942	50	50	0	50	50	50	50	50
7482	1.4964	50	50	50	50	50	50	0	50
7486	1.4972	50	50	50	50	0	50	50	50
7521	1.5042	50	50	50	50	0	50	50	50
7535	1.507	50	50	50	50	0	50	50	50
7571	1.5142	32	50	50	50	50	50	50	50
7574	1.5148	50	50	50	50	45	50	50	50
7577	1.5154	50	50	50	50	50	50	0	50
7620	1.524	50	50	50	50	0	50	50	50
7646	1.5292	50	50	50	50	50	50	0	50
7659	1.5318	50	50	0	50	50	50	50	50
7675	1.535	50	50	0	50	50	50	50	50
7682	1.5364	50	50	50	50	50	50	0	50
7690	1.538	50	50	50	50	50	50	0	50
7733	1.5466	50	50	50	50	50	50	0	50
7741	1.5482	0	50	0	50	0	50	50	50
7774	1.5548	50	50	50	50	0	50	50	50
7807	1.5614	50	50	50	50	0	50	50	50
7835	1.567	50	50	0	50	50	50	50	50
7847	1.5694	50	50	50	50	50	50	48	50
7870	1.574	0	50	0	50	0	50	50	50
7875	1.575	50	50	50	50	0	50	50	50
7877	1.5754	50	50	50	50	50	50	0	50
7879	1.5758	47	50	50	50	50	50	50	50
7904	1.5808	50	50	44	50	50	50	50	50
7913	1.5826	49	50	50	50	50	50	50	50
7919	1.5838	0	50	0	50	0	50	50	50
7933	1.5866	50	50	50	50	50	50	0	50
7940	1.588	0	50	0	50	50	50	50	50
7943	1.5886	50	50	0	50	50	50	50	50
7976	1.5952	50	50	50	50	50	50	0	50
8008	1.6016	50	50	50	50	50	50	0	50
8010	1.602	0	50	50	50	50	50	50	50
8071	1.6142	50	50	50	50	50	50	0	50
8094	1.6188	50	50	50	50	0	50	0	50
8116	1.6232	50	50	50	50	50	50	0	50
8141	1.6282	50	50	50	50	50	50	0	50
8184	1.6368	50	50	50	50	50	50	0	50
8224	1.6448	50	50	50	50	0	50	50	50
8307	1.6614	50	50	50	50	49	50	50	50
8348	1.6696	50	50	50	50	50	50	34	50
8350	1.67	50	50	50	50	50	50	34	50
8355	1.671	0	50	0	50	0	50	50	50
8358	1.6716	50	50	50	50	50	50	0	50
8377	1.6754	0	50	50	50	50	50	50	50
8423	1.6846	50	50	50	50	0	50	50	50
8426	1.6852	25	50	50	50	50	50	50	50
8442	1.6884	50	50	49	50	50	50	50	50
8446	1.6892	50	50	0	50	50	50	50	50
8461	1.6922	0	50	50	50	50	50	50	50
8464	1.6928	0	50	50	50	50	50	50	50
8471	1.6942	0	50	0	50	0	50	50	50
8495	1.699	50	50	0	50	50	50	50	50
8509	1.7018	50	50	50	50	50	50	48	50
8522	1.7044	50	50	50	50	50	50	0	50
8564	1.7128	0	50	0	50	50	50	50	50
8566	1.7132	50	50	50	50	50	50	48	50
8567	1.7134	50	50	50	50	0	50	50	50
8575	1.715	0	50	0	50	0	50	50	50
8593	1.7186	50	50	36	50	50	50	50	50
8594	1.7188	0	50	0	50	50	50	50	50
8603	1.7206	0	50	0	50	50	50	50	50
8611	1.7222	50	50	50	50	0	50	50	50
8612	1.7224	0	50	50	50	50	50	50	50
8621	1.7242	50	50	50	50	50	50	0	50
8624	1.7248	50	50	0	50	50	50	50	50
8644	1.7288	0	50	0	50	0	50	50	50
8665	1.733	50	50	50	50	50	50	0	50
8696	1.7392	50	50	50	50	45	50	50	50
8701	1.7402	50	50	49	50	50	50	50	50
8705	1.741	50	50	50	50	50	50	0	50
8731	1.7462	0	50	0	50	50	50	50	50
8738	1.7476	50	50	50	50	0	50	50	50
8748	1.7496	50	50	49	50	50	50	50	50
8752	1.7504	50	50	50	50	50	50	49	50
8764	1.7528	0	50	50	50	50	50	50	50
8823	1.7646	50	50	50	50	50	50	0	50
8828	1.7656	0	50	50	50	50	50	50	50
8836	1.7672	50	50	0	50	50	50	50	50
8840	1.768	0	50	0	50	50	50	50	50
8874	1.7748	0	50	0	50	0	50	1	50
8888	1.7776	0	50	50	50	50	50	50	50
8924	1.7848	50	50	0	50	50	50	50	50
8935	1.787	50	50	0	50	50	50	50	50
8955	1.791	50	50	50	50	50	50	0	50
8957	1.7914	50	50	50	50	50	50	0	50
8969	1.7938	50	50	50	50	50	50	0	50
9033	1.8066	50	50	50	50	30	50	50	50
9049	1.8098	50	50	50	50	43	50	50	50
9051	1.8102	50	50	50	50	50	50	0	50
9075	1.815	50	50	0	50	50	50	50	50
9104	1.8208	50	50	50	50	50	50	0	50
9130	1.826	0	50	0	50	50	50	50	50
9147	1.8294	50	50	49	50	50	50	50	50
9151	1.8302	50	50	50	50	0	50	50	50
9153	1.8306	50	50	50	50	0	50	50	50
9169	1.8338	50	50	0	50	50	50	50	50
9179	1.8358	0	50	0	50	50	50	50	50
9213	1.8426	50	50	50	50	0	50	50	50
9244	1.8488	50	50	50	50	50	50	0	50
9259	1.8518	50	50	50	50	0	50	50	50
9273	1.8546	50	50	49	50	50	50	50	50
9288	1.8576	50	50	50	50	43	50	50	50
9290	1.858	50	50	50	50	0	50	50	50
9304	1.8608	0	50	0	50	50	50	50	50
9314	1.8628	50	50	50	50	50	50	0	50
9322	1.8644	0	50	50	50	50	50	50	50
9362	1.8724	50	50	50	50	0	50	50	50
9376	1.8752	50	50	50	50	50	50	0	50
9403	1.8806	50	50	50	50	0	50	50	50
9426	1.8852	0	50	50	50	50	50	50	50
9442	1.8884	50	50	50	50	0	50	50	50
9445	1.889	50	50	50	50	0	50	50	50
9458	1.8916	50	50	50	50	50	50	0	50
9468	1.8936	50	50	50	50	50	50	0	50
9479	1.8958	50	50	50	50	50	50	0	50
9481	1.8962	50	50	50	50	50	50	0	50
9487	1.8974	0	50	50	50	50	50	50	50
9496	1.8992	0	50	50	50	50	50	50	50
9502	1.9004	49	50	50	50	50	50	50	50
9524	1.9048	50	50	0	50	50	50	50	50
9535	1.907	47	50	50	50	50	50	50	50
9536	1.9072	50	50	50	50	50	50	0	50
9542	1.9084	50	50	50	50	0	50	50	50
9567	1.9134	50	50	50	50	0	50	50	50
9603	1.9206	50	50	0	50	50	50	50	50
9614	1.9228	50	50	50	50	0	50	50	50
9643	1.9286	0	50	0	50	50	50	50	50
9688	1.9376	50	50	50	50	50	50	0	50
9719	1.9438	50	50	50	50	50	50	0	50
9729	1.9458	50	50	50	50	46	50	50	50
9734	1.9468	50	50	50	50	50	50	0	50
9742	1.9484	0	50	50	50	50	50	50	50
9754	1.9508	0	50	0	50	50	50	50	50
9756	1.9512	49	50	50	50	50	50	50	50
9763	1.9526	50	50	50	50	27	50	50	50
9777	1.9554	50	50	50	50	50	50	0	50
9778	1.9556	50	50	50	50	50	50	0	50
9785	1.957	50	50	50	50	50	50	0	50
9817	1.9634	50	50	50	50	50	50	0	50
9831	1.9662	50	50	50	50	50	50	0	50
9833	1.9666	25	50	50	50	50	50	50	50
9843	1.9686	50	50	50	50	50	50	0	50
9845	1.969	50	50	50	50	50	50	0	50
9871	1.9742	50	50	0	50	50	50	50	50
9874	1.9748	48	50	50	50	50	50	50	50
9878	1.9756	50	50	50	50	30	50	50	50
9898	1.9796	50	50	50	50	0	50	50	50
9909	1.9818	50	50	50	50	50	50	0	50
9927	1.9854	50	50	50	50	0	50	50	50
9980	1.996	50	50	50	50	50	50	0	50
10007	2.0014	50	50	50	50	0	50	50	50
10031	2.0062	50	50	50	50	0	50	50	50
10088	2.0176	50	50	50	50	0	50	50	50
10128	2.0256	50	50	50	50	50	50	0	50
10129	2.0258	50	50	50	50	50	50	0	50
10185	2.037	50	50	50	50	50	50	0	50
10215	2.043	0	50	0	50	0	50	50	50
10230	2.046	50	50	50	50	0	50	50	50
10234	2.0468	0	50	50	50	50	50	50	50
10235	2.047	0	50	0	50	50	50	50	50
10245	2.049	50	50	50	50	50	50	21	50
10259	2.0518	0	50	50	50	50	50	50	50
10267	2.0534	50	50	0	50	50	50	50	50
10282	2.0564	50	50	50	50	0	50	50	50
10310	2.062	0	50	50	50	50	50	50	50
10319	2.0638	50	50	50	50	50	50	0	50
10326	2.0652	50	50	50	50	50	50	0	50
10370	2.074	50	50	50	50	50	50	0	50
10373	2.0746	0	50	50	50	50	50	50	50
10377	2.0754	50	50	50	50	0	50	50	50
10384	2.0768	50	50	50	50	50	50	0	50
10428	2.0856	50	50	50	50	50	50	0	50
10448	2.0896	0	50	0	50	0	50	50	50
10501	2.1002	0	50	0	50	0	50	50	50
10511	2.1022	43	50	50	50	50	50	50	50
10522	2.1044	50	50	0	50	50	50	50	50
10545	2.109	0	50	50	50	50	50	50	50
10569	2.1138	0	50	0	50	50	50	50	50
10574	2.1148	50	50	50	50	50	50	0	50
10578	2.1156	50	50	50	50	50	50	0	50
10593	2.1186	24	50	50	50	50	50	50	50
10621	2.1242	50	50	50	50	46	50	50	50
10653	2.1306	50	50	40	50	50	50	50	50
10655	2.131	50	50	50	50	50	50	0	50
10678	2.1356	0	50	0	50	0	50	50	50
10680	2.136	0	50	50	50	50	50	50	50
10695	2.139	50	50	50	50	49	50	50	50
10785	2.157	50	50	50	50	45	50	50	50
10827	2.1654	0	50	50	50	50	50	50	50
10833	2.1666	0	50	0	50	0	50	50	50
10839	2.1678	50	50	50	50	0	50	50	50
10846	2.1692	33	50	50	50	50	50	50	50
10851	2.1702	50	50	29	50	50	50	50	50
10874	2.1748	50	50	50	50	50	50	34	50
10909	2.1818	50	50	50	50	50	50	0	50
10914	2.1828	50	50	50	50	50	50	0	50
10932	2.1864	0	50	50	50	50	50	50	50
10955	2.191	50	50	50	50	50	50	0	50
10973	2.1946	50	50	50	50	50	50	0	50
11006	2.2012	50	50	50	50	0	50	50	50
11008	2.2016	50	50	50	50	49	50	50	50
11010	2.202	0	50	0	50	50	50	50	50
11027	2.2054	50	50	50	50	50	50	0	50
11062	2.2124	50	50	50	50	0	50	50	50
11095	2.219	50	50	0	50	50	50	50	50
11098	2.2196	50	50	50	50	0	50	50	50
11114	2.2228	50	50	50	50	50	50	0	50
11160	2.232	50	50	50	50	50	50	0	50
11203	2.2406	50	50	50	50	0	50	50	50
11267	2.2534	0	50	50	50	50	50	50	50
11281	2.2562	0	50	0	50	50	50	50	50
11291	2.2582	50	50	50	50	50	50	0	50
11305	2.261	0	50	0	50	50	50	0	50
11306	2.2612	0	50	0	50	0	50	50	50
11334	2.2668	0	50	0	50	0	50	50	50
11354	2.2708	0	50	0	50	50	50	50	50
11364	2.2728	50	50	50	50	50	50	0	50
11369	2.2738	50	50	50	50	50	50	0	50
11405	2.281	50	50	50	50	50	50	0	50
11427	2.2854	50	50	50	50	50	50	0	50
11436	2.2872	24	50	50	50	50	50	50	50
11449	2.2898	0	50	0	50	50	50	50	50
11462	2.2924	50	50	0	50	50	50	50	50
11480	2.296	50	50	50	50	50	50	0	50
11528	2.3056	0	50	0	50	0	50	50	50
11533	2.3066	49	50	50	50	50	50	50	50
11552	2.3104	0	50	0	50	50	50	50	50
11591	2.3182	50	50	0	50	50	50	50	50
11627	2.3254	50	50	50	50	48	50	50	50
11652	2.3304	0	50	0	50	50	50	50	50
11682	2.3364	0	50	50	50	50	50	50	50
11685	2.337	50	50	50	50	50	50	0	50
11713	2.3426	50	50	50	50	0	50	50	50
11719	2.3438	50	50	50	50	50	50	0	50
11770	2.354	50	50	50	50	50	50	0	50
11782	2.3564	50	50	50	50	50	50	0	50
11800	2.36	35	50	50	50	50	50	50	50
11809	2.3618	50	50	50	50	50	50	0	50
11830	2.366	50	50	50	50	0	50	50	50
11852	2.3704	50	50	0	50	50	50	50	50
11879	2.3758	50	50	50	50	50	50	0	50
11881	2.3762	0	50	50	50	50	50	50	50
11890	2.378	0	50	50	50	50	50	50	50
11923	2.3846	0	50	0	50	0	50	50	50
11927	2.3854	50	50	0	50	50	50	50	50
11949	2.3898	0	50	0	50	50	50	0	50
11972	2.3944	50	50	50	50	0	50	50	50
11988	2.3976	50	50	50	50	50	50	0	50
12034	2.4068	0	50	0	50	0	50	50	50
12103	2.4206	50	50	50	50	50	50	45	50
12169	2.4338	50	50	0	50	50	50	50	50
12178	2.4356	50	50	50	50	0	50	50	50
12192	2.4384	0	50	50	50	50	50	50	50
12193	2.4386	50	50	50	50	50	50	0	50
12209	2.4418	50	50	50	50	38	50	50	50
12219	2.4438	50	50	0	50	50	50	50	50
12284	2.4568	50	50	50	50	50	50	0	50
12289	2.4578	0	50	50	50	50	50	50	50
12312	2.4624	50	50	50	50	50	50	0	50
12335	2.467	0	50	50	50	50	50	50	50
12349	2.4698	50	50	50	50	0	50	50	50
12361	2.4722	50	50	50	50	0	50	50	50
12366	2.4732	0	50	0	50	0	50	50	50
12397	2.4794	50	50	0	50	50	50	50	50
12408	2.4816	0	50	0	50	50	50	50	50
12420	2.484	0	50	0	50	0	50	50	50
12434	2.4868	50	50	50	50	50	50	0	50
12444	2.4888	50	50	50	50	0	50	50	50
12459	2.4918	0	50	50	50	50	50	50	50
12467	2.4934	0	50	0	50	0	50	50	50
12474	2.4948	50	50	50	50	50	50	0	50
12476	2.4952	35	50	50	50	50	50	50	50
12495	2.499	50	50	50	50	0	50	50	50
12499	2.4998	0	50	0	50	50	50	50	50
12531	2.5062	0	50	0	50	50	50	50	50
12565	2.513	0	50	0	50	50	50	50	50
12569	2.5138	24	50	50	50	50	50	50	50
12592	2.5184	40	50	50	50	50	50	50	50
12597	2.5194	50	50	50	50	0	50	50	50
12602	2.5204	50	50	0	50	50	50	50	50
12609	2.5218	50	50	50	50	50	50	0	50
12612	2.5224	0	50	0	50	50	50	50	50
12642	2.5284	0	50	50	50	50	50	50	50
12689	2.5378	0	50	0	50	50	50	50	50
12699	2.5398	50	50	0	50	50	50	50	50
12760	2.552	0	50	0	50	0	50	50	50
12770	2.554	0	50	0	50	0	50	50	50
12831	2.5662	50	50	50	50	50	50	0	50
12834	2.5668	50	50	50	50	0	50	50	50
12858	2.5716	0	50	50	50	50	50	50	50
12859	2.5718	50	50	50	50	50	50	0	50
12864	2.5728	50	50	50	50	50	50	0	50
12887	2.5774	0	50	50	50	50	50	50	50
12906	2.5812	50	50	50	50	50	50	0	50
12909	2.5818	50	50	50	50	0	50	50	50
12910	2.582	50	50	0	50	50	50	50	50
12923	2.5846	0	50	0	50	50	50	50	50
12959	2.5918	50	50	50	50	50	50	44	50
12960	2.592	0	50	0	50	0	50	50	50
12981	2.5962	50	50	50	50	50	50	0	50
13016	2.6032	50	50	50	50	50	50	48	50
13058	2.6116	50	50	50	50	0	50	50	50
13060	2.612	50	50	50	50	50	50	24	50
13071	2.6142	0	50	0	50	50	50	50	50
13085	2.617	50	50	50	50	50	50	0	50
13125	2.625	0	50	0	50	0	50	50	50
13182	2.6364	50	50	50	50	0	50	50	50
13185	2.637	50	50	50	50	50	50	0	50
13195	2.639	0	50	0	50	0	50	50	50
13211	2.6422	50	50	50	50	0	50	50	50
13225	2.645	50	50	50	50	50	50	0	50
13235	2.647	50	50	50	50	50	50	0	50
13245	2.649	50	50	0	50	50	50	50	50
13249	2.6498	50	50	50	50	50	50	27	50
13257	2.6514	0	50	50	50	0	50	0	50
13279	2.6558	50	50	50	50	0	50	50	50
13353	2.6706	49	50	50	50	50	50	50	50
13370	2.674	50	50	50	50	50	50	0	50
13374	2.6748	0	50	0	50	50	50	50	50
13395	2.679	50	50	50	50	50	50	0	50
13396	2.6792	50	50	50	50	50	50	0	50
13442	2.6884	0	50	0	50	0	50	50	50
13469	2.6938	0	50	0	50	50	50	50	50
13479	2.6958	50	50	50	50	50	50	26	50
13511	2.7022	50	50	50	50	50	50	0	50
13561	2.7122	50	50	44	50	50	50	50	50
13591	2.7182	50	50	50	50	28	50	50	50
13647	2.7294	50	50	32	50	50	50	50	50
13661	2.7322	0	50	0	50	0	50	50	50
13664	2.7328	0	50	0	50	0	50	50	50
13675	2.735	0	50	0	50	0	50	50	50
13682	2.7364	50	50	0	50	50	50	50	50
13716	2.7432	0	50	0	50	0	50	50	50
13722	2.7444	50	50	50	50	50	50	0	50
13732	2.7464	50	50	50	50	0	50	50	50
13798	2.7596	50	50	0	50	50	50	50	50
13808	2.7616	50	50	50	50	0	50	50	50
13813	2.7626	50	50	50	50	50	50	0	50
13873	2.7746	50	50	0	50	50	50	50	50
13893	2.7786	50	50	50	50	48	50	50	50
13916	2.7832	50	50	50	50	50	50	0	50
13932	2.7864	46	50	50	50	50	50	50	50
13936	2.7872	33	50	50	50	50	50	50	50
13973	2.7946	50	50	0	50	0	50	0	50
14000	2.8	33	50	50	50	50	50	50	50
14011	2.8022	50	50	50	50	50	50	0	50
14083	2.8166	50	50	50	50	50	50	49	50
14113	2.8226	50	50	50	50	9	50	50	50
14120	2.824	0	50	0	50	50	50	50	50
14127	2.8254	50	50	50	50	50	50	0	50
14141	2.8282	50	50	50	50	50	50	0	50
14166	2.8332	50	50	50	50	50	50	0	50
14169	2.8338	50	50	0	50	50	50	50	50
14171	2.8342	0	50	50	50	50	50	50	50
14182	2.8364	50	50	50	50	0	50	50	50
14226	2.8452	50	50	50	50	50	50	0	50
14252	2.8504	50	50	0	50	50	50	50	50
14265	2.853	50	50	50	50	50	50	0	50
14268	2.8536	50	50	50	50	50	50	0	50
14279	2.8558	50	50	50	50	50	50	0	50
14283	2.8566	50	50	0	50	50	50	50	50
14407	2.8814	0	50	0	50	0	50	50	50
14429	2.8858	50	50	50	50	50	50	0	50
14435	2.887	50	50	50	50	0	50	50	50
14459	2.8918	50	50	50	50	50	50	0	50
14518	2.9036	50	50	0	50	50	50	50	50
14524	2.9048	50	50	50	50	0	50	50	50
14537	2.9074	50	50	0	50	50	50	50	50
14538	2.9076	0	50	0	50	0	50	50	50
14543	2.9086	50	50	50	50	49	50	50	50
14545	2.909	50	50	0	50	50	50	50	50
14560	2.912	50	50	50	50	50	50	0	50
14571	2.9142	50	50	50	50	0	50	50	50
14584	2.9168	50	50	50	50	50	50	0	50
14598	2.9196	0	50	0	50	50	50	50	50
14613	2.9226	47	50	50	50	50	50	50	50
14674	2.9348	50	50	0	50	50	50	50	50
14710	2.942	50	50	50	50	50	50	0	50
14749	2.9498	50	50	50	50	0	50	50	50
14796	2.9592	50	50	50	50	50	50	0	50
14839	2.9678	0	50	50	50	50	50	50	50
14840	2.968	50	50	50	50	50	50	0	50
14854	2.9708	50	50	50	50	50	50	0	50
14885	2.977	50	50	50	50	50	50	0	50
14893	2.9786	0	50	0	50	0	50	1	50
14895	2.979	50	50	50	50	0	50	50	50
14910	2.982	50	50	50	50	0	50	50	50
14932	2.9864	0	50	0	50	0	50	50	50
14953	2.9906	0	50	50	50	50	50	50	50
14965	2.993	0	50	0	50	50	50	50	50
14974	2.9948	50	50	0	50	50	50	50	50
14998	2.9996	0	50	50	50	50	50	50	50
15001	3.0002	50	50	50	50	43	50	50	50
15013	3.0026	50	50	50	50	50	50	0	50
15061	3.0122	50	50	50	50	0	50	50	50
15070	3.014	50	50	29	50	50	50	50	50
15086	3.0172	50	50	50	50	50	50	0	50
15140	3.028	50	50	0	50	50	50	50	50
15149	3.0298	50	50	0	50	50	50	50	50
15158	3.0316	48	50	50	50	50	50	50	50
15215	3.043	0	50	50	50	50	50	50	50
15220	3.044	0	50	50	50	50	50	50	50
15221	3.0442	50	50	45	50	50	50	50	50
15251	3.0502	0	50	0	50	0	50	50	50
15262	3.0524	50	50	50	50	50	50	0	50
15268	3.0536	50	50	50	50	50	50	0	50
15289	3.0578	0	50	50	50	50	50	50	50
15315	3.063	50	50	0	50	50	50	50	50
15320	3.064	50	50	50	50	50	50	0	50
15328	3.0656	50	50	0	50	50	50	50	50
15334	3.0668	0	50	50	50	50	50	50	50
15340	3.068	50	50	0	50	50	50	50	50
15344	3.0688	50	50	50	50	50	50	0	50
15365	3.073	50	50	50	50	0	50	50	50
15373	3.0746	50	50	50	50	0	50	50	50
15392	3.0784	43	50	50	50	50	50	50	50
15398	3.0796	50	50	50	50	50	50	0	50
15437	3.0874	50	50	50	50	50	50	31	50
15457	3.0914	50	50	50	50	50	50	0	50
15461	3.0922	0	50	50	50	50	50	50	50
15493	3.0986	50	50	46	50	50	50	50	50
15525	3.105	50	50	50	50	50	50	0	50
15532	3.1064	0	50	50	50	50	50	50	50
15559	3.1118	0	50	0	50	50	50	50	50
15562	3.1124	50	50	50	50	50	50	0	50
15573	3.1146	50	50	50	50	50	50	0	50
15581	3.1162	50	50	0	50	50	50	50	50
15583	3.1166	40	50	50	50	50	50	50	50
15677	3.1354	32	50	50	50	50	50	50	50
15681	3.1362	50	50	50	50	50	50	0	50
15694	3.1388	50	50	0	50	50	50	50	50
15720	3.144	50	50	50	50	0	50	50	50
15740	3.148	0	50	50	50	50	50	50	50
15742	3.1484	0	50	50	50	50	50	50	50
15764	3.1528	50	50	50	50	0	50	50	50
15788	3.1576	0	50	50	50	50	50	50	50
15792	3.1584	0	50	0	50	50	50	50	50
15806	3.1612	50	50	50	50	50	50	0	50
15837	3.1674	50	50	0	50	50	50	50	50
15853	3.1706	50	50	0	50	50	50	50	50
15863	3.1726	50	50	50	50	49	50	50	50
15869	3.1738	47	50	50	50	50	50	50	50
15915	3.183	25	50	50	50	50	50	50	50
15945	3.189	50	50	50	50	50	50	0	50
15955	3.191	50	50	50	50	50	50	0	50
15972	3.1944	50	50	50	50	0	50	50	50
15973	3.1946	43	50	50	50	50	50	50	50
15986	3.1972	50	50	46	50	50	50	50	50
15996	3.1992	0	50	50	50	50	50	50	50
16003	3.2006	50	50	0	50	50	50	50	50
16046	3.2092	50	50	50	50	0	50	50	50
16050	3.21	0	50	0	50	0	50	50	50
16100	3.22	50	50	50	50	0	50	50	50
16102	3.2204	0	50	50	50	50	50	50	50
16125	3.225	0	50	50	50	50	50	50	50
16228	3.2456	0	50	0	50	50	50	0	50
16233	3.2466	0	50	50	50	50	50	50	50
16250	3.25	50	50	50	50	38	50	50	50
16303	3.2606	50	50	50	50	0	50	50	50
16310	3.262	50	50	50	50	50	50	0	50
16333	3.2666	0	50	0	50	50	50	50	50
16336	3.2672	50	50	0	50	50	50	50	50
16356	3.2712	50	50	50	50	0	50	50	50
16389	3.2778	50	50	50	50	50	50	30	50
16397	3.2794	0	50	50	50	50	50	50	50
16398	3.2796	50	50	50	50	0	50	50	50
16412	3.2824	50	50	50	50	50	50	0	50
16420	3.284	50	50	50	50	50	50	0	50
16487	3.2974	0	50	0	50	50	50	50	50
16495	3.299	25	50	50	50	50	50	50	50
16514	3.3028	0	50	50	50	50	50	50	50
16564	3.3128	50	50	50	50	49	50	50	50
16590	3.318	0	50	0	50	0	50	50	50
16644	3.3288	50	50	50	50	0	50	50	50
16647	3.3294	0	50	0	50	50	50	50	50
16652	3.3304	50	50	0	50	50	50	50	50
16683	3.3366	50	50	50	50	43	50	50	50
16690	3.338	50	50	50	50	0	50	50	50
16696	3.3392	0	50	50	50	50	50	50	50
16698	3.3396	0	50	50	50	50	50	50	50
16699	3.3398	50	50	50	50	0	50	50	50
16707	3.3414	0	50	0	50	0	50	50	50
16715	3.343	0	50	50	50	50	50	50	50
16722	3.3444	50	50	50	50	50	50	0	50
16734	3.3468	0	50	50	50	50	50	50	50
16753	3.3506	0	50	0	50	50	50	50	50
16769	3.3538	50	50	50	50	50	50	0	50
16779	3.3558	50	50	50	50	50	50	0	50
16780	3.356	50	50	50	50	50	50	0	50
16839	3.3678	50	50	0	50	50	50	50	50
16840	3.368	0	50	0	50	0	50	50	50
16857	3.3714	0	50	50	50	50	50	50	50
16873	3.3746	0	50	50	50	50	50	50	50
16913	3.3826	0	50	50	50	50	50	50	50
16920	3.384	0	50	50	50	50	50	50	50
16938	3.3876	50	50	0	50	50	50	50	50
16955	3.391	50	50	50	50	50	50	0	50
16960	3.392	50	50	49	50	50	50	50	50
16970	3.394	50	50	50	50	50	50	0	50
16982	3.3964	50	50	50	50	50	50	47	50
16985	3.397	50	50	50	50	50	50	49	50
16990	3.398	50	50	50	50	50	50	0	50
17028	3.4056	50	50	50	50	50	50	0	50
17031	3.4062	50	50	50	50	0	50	50	50
17065	3.413	49	50	50	50	50	50	50	50
17078	3.4156	0	50	0	50	50	50	50	50
17084	3.4168	50	50	50	50	0	50	50	50
17112	3.4224	50	50	50	50	50	50	0	50
17121	3.4242	50	50	50	50	0	50	50	50
17134	3.4268	0	50	50	50	50	50	50	50
17151	3.4302	50	50	50	50	50	50	0	50
17196	3.4392	50	50	50	50	0	50	50	50
17203	3.4406	50	50	0	50	50	50	50	50
17212	3.4424	43	50	50	50	50	50	50	50
17222	3.4444	0	50	50	50	50	50	50	50
17268	3.4536	0	50	0	50	0	50	50	50
17296	3.4592	50	50	0	50	50	50	50	50
17341	3.4682	0	50	50	50	50	50	50	50
17352	3.4704	50	50	0	50	50	50	50	50
17354	3.4708	50	50	0	50	50	50	50	50
17400	3.48	50	50	0	50	50	50	50	50
17414	3.4828	50	50	50	50	0	50	50	50
17421	3.4842	50	50	50	50	48	50	50	50
17430	3.486	50	50	50	50	50	50	0	50
17440	3.488	0	50	50	50	50	50	50	50
17443	3.4886	50	50	50	50	50	50	0	50
17494	3.4988	50	50	50	50	50	50	0	50
17502	3.5004	0	50	0	50	50	50	50	50
17509	3.5018	50	50	50	50	50	50	0	50
17595	3.519	50	50	50	50	50	50	0	50
17610	3.522	40	50	50	50	50	50	50	50
17613	3.5226	50	50	50	50	50	50	0	50
17638	3.5276	50	50	50	50	50	50	34	50
17658	3.5316	50	50	50	50	50	50	0	50
17668	3.5336	0	50	50	50	50	50	50	50
17687	3.5374	50	50	50	50	50	50	0	50
17688	3.5376	50	50	50	50	0	50	50	50
17695	3.539	50	50	50	50	50	50	0	50
17700	3.54	50	50	50	50	50	50	0	50
17724	3.5448	50	50	50	50	50	50	0	50
17725	3.545	0	50	0	50	0	50	50	50
17726	3.5452	50	50	50	50	50	50	0	50
17756	3.5512	0	50	0	50	50	50	50	50
17767	3.5534	50	50	50	50	43	50	50	50
17799	3.5598	50	50	50	50	50	50	0	50
17814	3.5628	0	50	50	50	50	50	50	50
17815	3.563	32	50	50	50	50	50	50	50
17866	3.5732	50	50	50	50	50	50	0	50
17892	3.5784	42	50	50	50	50	50	50	50
17918	3.5836	50	50	50	50	0	50	50	50
17926	3.5852	0	50	0	50	50	50	50	50
17929	3.5858	0	50	50	50	50	50	50	50
17952	3.5904	0	50	0	50	50	50	50	50
17954	3.5908	50	50	50	50	50	50	0	50
17993	3.5986	0	50	0	50	50	50	50	50
18019	3.6038	50	50	0	50	50	50	50	50
18086	3.6172	50	50	0	50	50	50	50	50
18088	3.6176	0	50	0	50	50	50	50	50
18105	3.621	0	50	0	50	50	50	50	50
18110	3.622	0	50	0	50	50	50	50	50
18116	3.6232	43	50	50	50	50	50	50	50
18138	3.6276	50	50	50	50	0	50	50	50
18150	3.63	50	50	50	50	50	50	0	50
18154	3.6308	50	50	50	50	50	50	0	50
18189	3.6378	50	50	0	50	50	50	50	50
18194	3.6388	0	50	0	50	0	50	50	50
18195	3.639	50	50	50	50	50	50	29	50
18197	3.6394	50	50	50	50	0	50	50	50
18202	3.6404	50	50	50	50	0	50	50	50
18218	3.6436	43	50	50	50	50	50	50	50
18224	3.6448	50	50	50	50	0	50	50	50
18241	3.6482	50	50	50	50	50	50	0	50
18250	3.65	0	50	50	50	50	50	50	50
18258	3.6516	0	50	0	50	0	50	50	50
18276	3.6552	50	50	50	50	0	50	50	50
18287	3.6574	0	50	0	50	0	50	50	50
18297	3.6594	50	50	50	50	50	50	30	50
18362	3.6724	50	50	50	50	0	50	50	50
18450	3.69	50	50	50	50	50	50	0	50
18491	3.6982	50	50	50	50	50	50	0	50
18532	3.7064	0	50	0	50	0	50	50	50
18562	3.7124	25	50	50	50	50	50	50	50
18573	3.7146	50	50	50	50	50	50	0	50
18579	3.7158	50	50	49	50	50	50	50	50
18585	3.717	50	50	50	50	50	50	0	50
18601	3.7202	0	50	0	50	0	50	50	50
18615	3.723	50	50	49	50	50	50	50	50
18617	3.7234	50	50	50	50	48	50	50	50
18656	3.7312	50	50	50	50	43	50	50	50
18722	3.7444	50	50	50	50	50	50	48	50
18791	3.7582	50	50	50	50	50	50	0	50
18794	3.7588	0	50	0	50	0	50	50	50
18803	3.7606	50	50	50	50	0	50	50	50
18813	3.7626	50	50	50	50	50	50	0	50
18852	3.7704	50	50	50	50	0	50	0	50
18855	3.771	50	50	50	50	50	50	0	50
18877	3.7754	50	50	50	50	50	50	0	50
18907	3.7814	50	50	0	50	50	50	50	50
18958	3.7916	0	50	0	50	50	50	50	50
18975	3.795	50	50	50	50	0	50	50	50
19015	3.803	0	50	50	50	50	50	50	50
19031	3.8062	0	50	50	50	50	50	50	50
19062	3.8124	50	50	50	50	50	50	0	50
19072	3.8144	50	50	50	50	50	50	36	50
19105	3.821	50	50	50	50	50	50	0	50
19110	3.822	50	50	50	50	50	50	0	50
19132	3.8264	0	50	50	50	50	50	50	50
19134	3.8268	50	50	50	50	50	50	0	50
19136	3.8272	50	50	50	50	50	50	0	50
19146	3.8292	50	50	0	50	50	50	50	50
19148	3.8296	41	50	50	50	50	50	50	50
19184	3.8368	50	50	48	50	50	50	50	50
19203	3.8406	50	50	50	50	0	50	50	50
19209	3.8418	0	50	0	50	50	50	0	50
19239	3.8478	50	50	50	50	50	50	0	50
19241	3.8482	50	50	0	50	50	50	50	50
19290	3.858	50	50	50	50	50	50	0	50
19297	3.8594	50	50	50	50	50	50	0	50
19322	3.8644	50	50	50	50	0	50	50	50
19331	3.8662	50	50	0	50	50	50	50	50
19341	3.8682	50	50	50	50	50	50	0	50
19377	3.8754	50	50	50	50	0	50	50	50
19419	3.8838	0	50	0	50	0	50	50	50
19422	3.8844	50	50	0	50	50	50	50	50
19468	3.8936	50	50	0	50	50	50	50	50
19475	3.895	50	50	0	50	50	50	50	50
19490	3.898	50	50	50	50	0	50	50	50
19494	3.8988	50	50	50	50	0	50	50	50
19534	3.9068	40	50	50	50	50	50	50	50
19541	3.9082	50	50	50	50	0	50	50	50
19554	3.9108	0	50	0	50	0	50	50	50
19580	3.916	0	50	0	50	0	50	50	50
19600	3.92	50	50	39	50	50	50	50	50
19603	3.9206	50	50	50	50	0	50	50	50
19615	3.923	50	50	50	50	0	50	0	50
19631	3.9262	0	50	0	50	50	50	50	50
19637	3.9274	0	50	0	50	0	50	50	50
19644	3.9288	50	50	50	50	50	50	0	50
19645	3.929	50	50	50	50	0	50	50	50
19651	3.9302	50	50	50	50	50	50	0	50
19675	3.935	50	50	50	50	0	50	50	50
19703	3.9406	50	50	50	50	43	50	50	50
19714	3.9428	0	50	0	50	50	50	50	50
19728	3.9456	50	50	50	50	50	50	0	50
19747	3.9494	50	50	50	50	50	50	0	50
19762	3.9524	0	50	0	50	0	50	50	50
19780	3.956	50	50	50	50	50	50	0	50
19808	3.9616	0	50	50	50	50	50	50	50
19828	3.9656	0	50	0	50	0	50	50	50
19864	3.9728	50	50	50	50	0	50	50	50
19878	3.9756	0	50	0	50	0	50	50	50
19899	3.9798	25	50	50	50	50	50	50	50
19906	3.9812	49	50	50	50	50	50	50	50
19954	3.9908	50	50	50	50	50	50	40	50
19959	3.9918	0	50	0	50	0	50	50	50
19966	3.9932	47	50	50	50	50	50	50	50
19975	3.995	0	50	0	50	50	50	50	50
19980	3.996	50	50	45	50	50	50	50	50
19991	3.9982	50	50	0	50	50	50	50	50
19992	3.9984	0	50	0	50	50	50	50	50
20012	4.0024	50	50	50	50	50	50	0	50
20054	4.0108	50	50	50	50	0	50	50	50
20055	4.011	50	50	0	50	50	50	50	50
20106	4.0212	50	50	41	50	50	50	50	50
20112	4.0224	50	50	50	50	50	50	0	50
20136	4.0272	50	50	50	50	0	50	50	50
20195	4.039	0	50	0	50	50	50	50	50
20212	4.0424	0	50	50	50	50	50	50	50
20249	4.0498	41	50	50	50	50	50	50	50
20279	4.0558	50	50	47	50	50	50	50	50
20317	4.0634	50	50	50	50	50	50	0	50
20330	4.066	50	50	50	50	0	50	50	50
20331	4.0662	50	50	46	50	50	50	50	50
20337	4.0674	50	50	39	50	50	50	50	50
20372	4.0744	50	50	50	50	0	50	50	50
20388	4.0776	0	50	0	50	50	50	50	50
20398	4.0796	50	50	50	50	50	50	0	50
20513	4.1026	50	50	0	50	50	50	50	50
20530	4.106	50	50	0	50	50	50	50	50
20552	4.1104	0	50	0	50	50	50	50	50
20575	4.115	50	50	50	50	50	50	0	50
20588	4.1176	50	50	50	50	0	50	50	50
20592	4.1184	50	50	50	50	50	50	0	50
20595	4.119	50	50	39	50	50	50	50	50
20609	4.1218	41	50	50	50	50	50	50	50
20623	4.1246	0	50	0	50	50	50	50	50
20631	4.1262	50	50	36	50	50	50	50	50
20661	4.1322	25	50	50	50	50	50	50	50
20672	4.1344	46	50	50	50	50	50	50	50
20678	4.1356	41	50	50	50	50	50	50	50
20691	4.1382	50	50	50	50	50	50	0	50
20712	4.1424	50	50	50	50	0	50	50	50
20713	4.1426	0	50	0	50	0	50	50	50
20760	4.152	50	50	50	50	50	50	40	50
20795	4.159	50	50	50	50	50	50	0	50
20799	4.1598	50	50	50	50	0	50	50	50
20811	4.1622	50	50	50	50	0	50	50	50
20823	4.1646	50	50	0	50	50	50	50	50
20829	4.1658	50	50	50	50	50	50	47	50
20836	4.1672	50	50	0	50	50	50	50	50
20853	4.1706	0	50	50	50	50	50	50	50
20880	4.176	50	50	18	50	50	50	50	50
20885	4.177	0	50	0	50	50	50	50	50
20902	4.1804	50	50	50	50	50	50	0	50
20904	4.1808	50	50	50	50	50	50	0	50
20934	4.1868	0	50	50	50	50	50	50	50
20962	4.1924	50	50	50	50	50	50	0	50
20963	4.1926	0	50	0	50	0	50	50	50
20982	4.1964	50	50	0	50	50	50	50	50
21055	4.211	0	50	0	50	50	50	50	50
21056	4.2112	50	50	0	50	50	50	50	50
21063	4.2126	0	50	0	50	0	50	50	50
21082	4.2164	50	50	50	50	50	50	32	50
21085	4.217	0	50	50	50	50	50	50	50
21087	4.2174	50	50	0	50	50	50	50	50
21116	4.2232	50	50	0	50	50	50	50	50
21121	4.2242	50	50	50	50	50	50	0	50
21147	4.2294	50	50	50	50	0	50	50	50
21159	4.2318	50	50	50	50	50	50	0	50
21196	4.2392	0	50	50	50	50	50	50	50
21208	4.2416	0	50	0	50	50	50	50	50
21215	4.243	50	50	50	50	50	50	40	50
21241	4.2482	50	50	50	50	0	50	50	50
21275	4.255	50	50	50	50	0	50	50	50
21293	4.2586	50	50	50	50	50	50	0	50
21329	4.2658	50	50	50	50	50	50	0	50
21338	4.2676	50	50	46	50	50	50	50	50
21342	4.2684	50	50	50	50	50	50	0	50
21395	4.279	50	50	50	50	50	50	40	50
21396	4.2792	50	50	50	50	50	50	0	50
21407	4.2814	50	50	50	50	50	50	0	50
21410	4.282	41	50	50	50	50	50	50	50
21451	4.2902	50	50	50	50	50	50	0	50
21456	4.2912	50	50	50	50	50	50	0	50
21521	4.3042	50	50	0	50	50	50	50	50
21584	4.3168	50	50	50	50	29	50	50	50
21590	4.318	50	50	50	50	0	50	50	50
21606	4.3212	50	50	0	50	50	50	50	50
21677	4.3354	0	50	0	50	0	50	50	50
21678	4.3356	49	50	50	50	50	50	50	50
21700	4.34	50	50	50	50	35	50	50	50
21734	4.3468	0	50	0	50	0	50	50	50
21746	4.3492	50	50	50	50	29	50	50	50
21769	4.3538	50	50	50	50	50	50	0	50
21774	4.3548	50	50	50	50	50	50	0	50
21807	4.3614	50	50	50	50	50	50	0	50
21846	4.3692	50	50	0	50	50	50	50	50
21856	4.3712	50	50	50	50	50	50	0	50
21894	4.3788	50	50	50	50	50	50	0	50
21896	4.3792	50	50	50	50	50	50	0	50
21908	4.3816	50	50	50	50	50	50	0	50
21910	4.382	0	50	50	50	50	50	50	50
21942	4.3884	50	50	50	50	40	50	50	50
21973	4.3946	46	50	50	50	50	50	50	50
21983	4.3966	50	50	50	50	29	50	50	50
21998	4.3996	50	50	0	50	50	50	50	50
22040	4.408	50	50	50	50	50	50	0	50
22044	4.4088	50	50	50	50	50	50	0	50
22058	4.4116	50	50	50	50	50	50	0	50
22069	4.4138	50	50	0	50	50	50	50	50
22109	4.4218	0	50	50	50	50	50	50	50
22113	4.4226	50	50	50	50	0	50	50	50
22145	4.429	50	50	0	50	50	50	50	50
22165	4.433	34	50	50	50	50	50	50	50
22203	4.4406	0	50	0	50	50	50	50	50
22224	4.4448	50	50	50	50	50	50	33	50
22252	4.4504	0	50	0	50	50	50	50	50
22271	4.4542	0	50	0	50	50	50	50	50
22278	4.4556	0	50	50	50	50	50	50	50
22284	4.4568	50	50	50	50	50	50	0	50
22299	4.4598	50	50	0	50	50	50	50	50
22307	4.4614	50	50	50	50	50	50	0	50
22316	4.4632	41	50	50	50	50	50	50	50
22318	4.4636	50	50	0	50	50	50	50	50
22328	4.4656	50	50	50	50	50	50	0	50
22333	4.4666	50	50	0	50	50	50	50	50
22367	4.4734	50	50	50	50	50	50	27	50
22368	4.4736	0	50	50	50	50	50	50	50
22387	4.4774	0	50	0	50	0	50	50	50
22422	4.4844	0	50	0	50	0	50	50	50
22467	4.4934	50	50	50	50	50	50	0	50
22471	4.4942	0	50	0	50	50	50	50	50
22479	4.4958	50	50	0	50	50	50	50	50
22487	4.4974	14	50	50	50	50	50	50	50
22553	4.5106	0	50	50	50	50	50	50	50
22559	4.5118	50	50	50	50	49	50	50	50
22564	4.5128	50	50	50	50	0	50	50	50
22614	4.5228	14	50	50	50	50	50	50	50
22645	4.529	0	50	0	50	0	50	50	50
22659	4.5318	36	50	50	50	50	50	50	50
22673	4.5346	35	50	50	50	50	50	50	50
22677	4.5354	50	50	50	50	21	50	50	50
22678	4.5356	50	50	50	50	21	50	50	50
22718	4.5436	50	50	50	50	50	50	0	50
22749	4.5498	50	50	50	50	50	50	0	50
22760	4.552	50	50	50	50	49	50	50	50
22775	4.555	50	50	50	50	50	50	0	50
22780	4.556	0	50	50	50	50	50	50	50
22783	4.5566	50	50	50	50	21	50	50	50
22795	4.559	50	50	50	50	21	50	50	50
22814	4.5628	50	50	0	50	50	50	50	50
22826	4.5652	50	50	50	50	29	50	50	50
22833	4.5666	50	50	50	50	0	50	50	50
22851	4.5702	50	50	50	50	50	50	0	50
22856	4.5712	0	50	0	50	0	50	50	50
22871	4.5742	14	50	50	50	50	50	50	50
22906	4.5812	50	50	50	50	0	50	50	50
22928	4.5856	36	50	50	50	50	50	50	50
22945	4.589	50	50	50	50	50	50	27	50
22974	4.5948	36	50	50	50	50	50	50	50
22976	4.5952	0	50	0	50	50	50	50	50
22990	4.598	50	50	50	50	29	50	50	50
23005	4.601	25	50	50	50	50	50	50	50
23019	4.6038	0	50	50	50	50	50	50	50
23027	4.6054	50	50	49	50	50	50	50	50
23028	4.6056	50	50	0	50	50	50	50	50
23049	4.6098	50	50	50	50	21	50	50	50
23064	4.6128	50	50	0	50	50	50	50	50
23074	4.6148	0	50	0	50	50	50	50	50
23079	4.6158	50	50	50	50	50	50	0	50
23090	4.618	0	50	50	50	50	50	50	50
23118	4.6236	50	50	50	50	50	50	0	50
23172	4.6344	50	50	50	50	50	50	0	50
23186	4.6372	50	50	45	50	50	50	50	50
23190	4.638	50	50	50	50	50	50	0	50
23203	4.6406	50	50	50	50	50	50	0	50
23242	4.6484	0	50	50	50	50	50	50	50
23292	4.6584	0	50	0	50	0	50	50	50
23295	4.659	50	50	50	50	48	50	50	50
23314	4.6628	48	50	50	50	50	50	50	50
23323	4.6646	50	50	50	50	50	50	0	50
23326	4.6652	0	50	50	50	50	50	50	50
23344	4.6688	0	50	50	50	50	50	50	50
23358	4.6716	0	50	0	50	50	50	50	50
23361	4.6722	50	50	50	50	50	50	0	50
23387	4.6774	50	50	50	50	50	50	0	50
23443	4.6886	50	50	50	50	50	50	0	50
23459	4.6918	50	50	50	50	50	50	0	50
23503	4.7006	0	50	0	50	0	50	50	50
23510	4.702	50	50	50	50	28	50	50	50
23530	4.706	50	50	50	50	50	50	0	50
23546	4.7092	0	50	50	50	50	50	50	50
23550	4.71	0	50	50	50	50	50	50	50
23556	4.7112	0	50	50	50	50	50	50	50
23557	4.7114	50	50	50	50	50	50	0	50
23566	4.7132	50	50	50	50	50	50	21	50
23567	4.7134	50	50	50	50	50	50	0	50
23575	4.715	0	50	50	50	50	50	50	50
23598	4.7196	0	50	0	50	50	50	50	50
23630	4.726	50	50	50	50	28	50	50	50
23653	4.7306	50	50	50	50	28	50	50	50
23654	4.7308	0	50	0	50	0	50	50	50
23678	4.7356	21	50	50	50	50	50	50	50
23691	4.7382	50	50	0	50	50	50	50	50
23725	4.745	50	50	50	50	22	50	50	50
23740	4.748	0	50	50	50	50	50	50	50
23763	4.7526	0	50	50	50	50	50	50	50
23787	4.7574	50	50	50	50	50	50	0	50
23809	4.7618	50	50	50	50	0	50	50	50
23847	4.7694	0	50	0	50	0	50	50	50
23873	4.7746	0	50	0	50	0	50	50	50
23885	4.777	50	50	50	50	50	50	0	50
23888	4.7776	50	50	50	50	22	50	50	50
23899	4.7798	50	50	50	50	50	50	0	50
23903	4.7806	50	50	50	50	50	50	38	50
23904	4.7808	50	50	50	50	0	50	50	50
23919	4.7838	50	50	50	50	0	50	50	50
23938	4.7876	50	50	50	50	50	50	21	50
23993	4.7986	50	50	0	50	50	50	50	50
24038	4.8076	0	50	0	50	50	50	50	50
24054	4.8108	0	50	0	50	24	50	0	50
24060	4.812	50	50	50	50	26	50	50	50
24084	4.8168	50	50	50	50	35	50	50	50
24100	4.82	0	50	0	50	50	50	50	50
24115	4.823	50	50	50	50	24	50	50	50
24168	4.8336	50	50	36	50	50	50	50	50
24205	4.841	50	50	0	50	50	50	50	50
24207	4.8414	50	50	50	50	0	50	50	50
24272	4.8544	0	50	0	50	50	50	50	50
24302	4.8604	50	50	50	50	24	50	50	50
24306	4.8612	50	50	50	50	24	50	50	50
24314	4.8628	0	50	0	50	50	50	50	50
24317	4.8634	0	50	50	50	50	50	50	50
24350	4.87	0	50	0	50	50	50	50	50
24357	4.8714	0	50	0	50	50	50	50	50
24385	4.877	50	50	36	50	50	50	50	50
24402	4.8804	50	50	14	50	50	50	50	50
24414	4.8828	50	50	50	50	50	50	29	50
24427	4.8854	50	50	50	50	26	50	50	50
24430	4.886	50	50	50	50	26	50	50	50
24460	4.892	50	50	50	50	26	50	50	50
24463	4.8926	0	50	50	50	50	50	50	50
24472	4.8944	0	50	50	50	50	50	50	50
24476	4.8952	50	50	50	50	0	50	50	50
24483	4.8966	50	50	50	50	26	50	50	50
24505	4.901	21	50	50	50	50	50	50	50
24515	4.903	50	50	50	50	50	50	21	50
24516	4.9032	0	50	50	50	50	50	50	50
24531	4.9062	50	50	50	50	50	50	29	50
24537	4.9074	29	50	50	50	50	50	50	50
24547	4.9094	21	50	50	50	50	50	50	50
24554	4.9108	50	50	50	50	24	50	50	50
24577	4.9154	50	50	50	50	48	50	50	50
24594	4.9188	50	50	50	50	0	50	50	50
24596	4.9192	29	50	50	50	50	50	50	50
24603	4.9206	50	50	50	50	26	50	50	50
24611	4.9222	50	50	50	50	50	50	0	50
24622	4.9244	50	50	14	50	50	50	50	50
24634	4.9268	50	50	14	50	50	50	50	50
24677	4.9354	0	50	50	50	50	50	50	50
24686	4.9372	50	50	50	50	50	50	29	50
24714	4.9428	50	50	50	50	50	50	0	50
24729	4.9458	50	50	14	50	50	50	50	50
24735	4.947	50	50	50	50	49	50	50	50
24745	4.949	50	50	50	50	50	50	0	50
24767	4.9534	50	50	50	50	24	50	50	50
24782	4.9564	21	50	50	50	50	50	50	50
24806	4.9612	50	50	22	50	50	50	50	50
24818	4.9636	50	50	50	50	24	50	50	50
24822	4.9644	50	50	50	50	50	50	29	50
24824	4.9648	21	50	50	50	50	50	50	50
24831	4.9662	21	50	50	50	50	50	50	50
24833	4.9666	21	50	50	50	50	50	50	50
24836	4.9672	50	50	50	50	24	50	50	50
24843	4.9686	29	50	50	50	50	50	50	50
24853	4.9706	50	50	28	50	50	50	50	50
24861	4.9722	50	50	50	50	50	50	38	50
24880	4.976	50	50	50	50	50	50	21	50
24924	4.9848	50	50	50	50	26	50	50	50
24935	4.987	50	50	22	50	50	50	50	50
24936	4.9872	50	50	50	50	50	50	21	50
24941	4.9882	29	50	50	50	50	50	50	50
24950	4.99	50	50	50	50	50	50	21	50
24962	4.9924	50	50	50	50	50	50	21	50
25019	5.0038	50	50	50	50	50	50	29	50
25043	5.0086	50	50	50	50	24	50	50	50
25060	5.012	21	50	50	50	50	50	50	50
25063	5.0126	50	50	50	50	50	50	12	50
25077	5.0154	50	50	50	50	49	50	50	50
25094	5.0188	50	50	28	50	50	50	50	50
25196	5.0392	50	50	50	50	50	50	49	50
25247	5.0494	50	50	50	50	50	50	0	50
25249	5.0498	29	50	50	50	50	50	50	50
25258	5.0516	21	50	50	50	50	50	50	50
25308	5.0616	46	50	50	50	50	50	50	50
25346	5.0692	21	50	50	50	50	50	50	50
25355	5.071	50	50	50	50	0	50	50	50
25374	5.0748	50	50	50	50	50	50	48	50
25383	5.0766	50	50	50	50	50	50	0	50
25398	5.0796	50	50	50	50	26	50	50	50
25449	5.0898	50	50	50	50	24	50	50	50
25467	5.0934	50	50	50	50	24	50	50	50
25485	5.097	0	50	50	50	50	50	50	50
25493	5.0986	50	50	50	50	0	50	50	50
25523	5.1046	50	50	50	50	0	50	50	50
25528	5.1056	50	50	28	50	50	50	50	50
25540	5.108	50	50	50	50	50	50	0	50
25541	5.1082	48	50	50	50	50	50	50	50
25543	5.1086	50	50	50	50	0	50	50	50
25577	5.1154	50	50	50	50	0	50	50	50
25581	5.1162	50	50	28	50	50	50	50	50
25595	5.119	0	50	0	50	0	50	50	50
25600	5.12	50	50	50	50	50	50	0	50
25601	5.1202	50	50	50	50	43	50	50	50
25612	5.1224	50	50	50	50	50	50	0	50
25624	5.1248	0	50	0	50	0	50	50	50
25628	5.1256	50	50	0	50	50	50	50	50
25633	5.1266	0	50	0	50	0	50	50	50
25655	5.131	0	50	0	50	50	50	50	50
25661	5.1322	50	50	0	50	50	50	50	50
25681	5.1362	50	50	0	50	50	50	50	50
25682	5.1364	50	50	50	50	0	50	50	50
25711	5.1422	50	50	50	50	50	50	0	50
25715	5.143	50	50	50	50	50	50	0	50
25728	5.1456	50	50	50	50	0	50	50	50
25795	5.159	50	50	50	50	0	50	50	50
25807	5.1614	50	50	50	50	50	50	0	50
25813	5.1626	50	50	50	50	26	50	50	50
25818	5.1636	50	50	50	50	50	50	0	50
25837	5.1674	50	50	0	50	50	50	50	50
25854	5.1708	0	50	50	50	50	50	50	50
25859	5.1718	21	50	50	50	50	50	50	50
25865	5.173	0	50	0	50	0	50	50	50
25888	5.1776	50	50	50	50	50	50	0	50
25890	5.178	50	50	50	50	26	50	50	50
25899	5.1798	50	50	0	50	50	50	50	50
25906	5.1812	0	50	50	50	50	50	50	50
25924	5.1848	50	50	50	50	50	50	0	50
25951	5.1902	50	50	50	50	50	50	33	50
25966	5.1932	50	50	50	50	50	50	0	50
25990	5.198	50	50	50	50	0	50	50	50
26007	5.2014	0	50	0	50	0	50	50	50
26018	5.2036	50	50	50	50	47	50	50	50
26020	5.204	50	50	47	50	50	50	50	50
26039	5.2078	50	50	50	50	0	50	50	50
26046	5.2092	0	50	50	50	50	50	50	50
26056	5.2112	50	50	50	50	50	50	0	50
26077	5.2154	50	50	50	50	50	50	0	50
26084	5.2168	0	50	50	50	50	50	50	50
26085	5.217	50	50	50	50	50	50	45	50
26107	5.2214	50	50	50	50	50	50	0	50
26137	5.2274	50	50	50	50	26	50	50	50
26143	5.2286	50	50	50	50	50	50	0	50
26160	5.232	50	50	50	50	50	50	0	50
26179	5.2358	50	50	50	50	50	50	0	50
26188	5.2376	0	50	50	50	50	50	50	50
26204	5.2408	50	50	50	50	24	50	50	50
26220	5.244	50	50	50	50	49	50	50	50
26222	5.2444	0	50	0	50	50	50	50	50
26223	5.2446	50	50	0	50	50	50	50	50
26249	5.2498	0	50	50	50	50	50	50	50
26251	5.2502	50	50	0	50	50	50	50	50
26256	5.2512	0	50	50	50	50	50	50	50
26270	5.254	50	50	50	50	0	50	50	50
26278	5.2556	50	50	50	50	50	50	47	50
26288	5.2576	48	50	50	50	50	50	50	50
26295	5.259	48	50	50	50	50	50	50	50
26322	5.2644	50	50	0	50	50	50	50	50
26343	5.2686	0	50	50	50	50	50	50	50
26355	5.271	0	50	0	50	50	50	50	50
26386	5.2772	50	50	49	50	50	50	50	50
26398	5.2796	0	50	0	50	50	50	50	50
26406	5.2812	0	50	0	50	0	50	1	50
26429	5.2858	0	50	0	50	50	50	0	50
26433	5.2866	50	50	50	50	0	50	50	50
26468	5.2936	50	50	50	50	0	50	50	50
26473	5.2946	50	50	50	50	24	50	50	50
26501	5.3002	0	50	50	50	50	50	50	50
26523	5.3046	0	50	50	50	50	50	50	50
26529	5.3058	50	50	50	50	50	50	0	50
26550	5.31	50	50	50	50	50	50	0	50
26568	5.3136	50	50	50	50	0	50	50	50
26579	5.3158	0	50	0	50	0	50	50	50
26593	5.3186	50	50	50	50	50	50	0	50
26669	5.3338	50	50	50	50	0	50	50	50
26686	5.3372	0	50	0	50	0	50	50	50
26698	5.3396	0	50	50	50	50	50	50	50
26703	5.3406	50	50	50	50	50	50	40	50
26729	5.3458	50	50	50	50	0	50	50	50
26748	5.3496	50	50	50	50	50	50	0	50
26788	5.3576	50	50	50	50	0	50	50	50
26790	5.358	50	50	50	50	50	50	0	50
26808	5.3616	50	50	0	50	50	50	50	50
26816	5.3632	50	50	50	50	0	50	50	50
26831	5.3662	0	50	50	50	50	50	50	50
26833	5.3666	50	50	0	50	50	50	50	50
26871	5.3742	50	50	49	50	50	50	50	50
26883	5.3766	50	50	50	50	0	50	50	50
26884	5.3768	0	50	0	50	50	50	50	50
26898	5.3796	35	50	50	50	50	50	50	50
26930	5.386	50	50	50	50	0	50	50	50
26949	5.3898	50	50	50	50	0	50	50	50
26962	5.3924	50	50	50	50	50	50	48	50
27026	5.4052	0	50	50	50	50	50	50	50
27027	5.4054	50	50	50	50	0	50	50	50
27032	5.4064	50	50	50	50	0	50	50	50
27050	5.41	0	50	0	50	50	50	50	50
27073	5.4146	0	50	0	50	0	50	50	50
27144	5.4288	50	50	50	50	50	50	0	50
27150	5.43	50	50	50	50	50	50	0	50
27200	5.44	50	50	50	50	50	50	0	50
27208	5.4416	50	50	50	50	50	50	0	50
27239	5.4478	50	50	50	50	34	50	50	50
27267	5.4534	50	50	50	50	50	50	0	50
27316	5.4632	50	50	50	50	50	50	0	50
27328	5.4656	0	50	0	50	50	50	50	50
27331	5.4662	50	50	38	50	50	50	50	50
27344	5.4688	50	50	50	50	34	50	50	50
27358	5.4716	50	50	50	50	50	50	0	50
27359	5.4718	0	50	50	50	50	50	50	50
27370	5.474	0	50	50	50	50	50	50	50
27395	5.479	0	50	0	50	0	50	50	50
27399	5.4798	50	50	0	50	50	50	50	50
27402	5.4804	0	50	0	50	0	50	50	50
27405	5.481	50	50	50	50	0	50	50	50
27413	5.4826	50	50	50	50	50	50	0	50
27438	5.4876	50	50	50	50	50	50	30	50
27456	5.4912	29	50	0	50	0	50	0	50
27481	5.4962	50	50	50	50	50	50	0	50
27503	5.5006	50	50	50	50	0	50	50	50
27548	5.5096	50	50	50	50	50	50	0	50
27561	5.5122	0	50	0	50	0	50	50	50
27572	5.5144	50	50	50	50	50	50	0	50
27586	5.5172	43	50	50	50	50	50	50	50
27630	5.526	50	50	38	50	50	50	50	50
27669	5.5338	49	50	50	50	50	50	50	50
27678	5.5356	50	50	50	50	0	50	50	50
27696	5.5392	50	50	50	50	34	50	50	50
27743	5.5486	50	50	50	50	34	50	50	50
27747	5.5494	50	50	50	50	50	50	49	50
27757	5.5514	50	50	50	50	34	50	50	50
27791	5.5582	0	50	0	50	0	50	50	50
27805	5.561	50	50	50	50	16	50	50	50
27820	5.564	0	50	0	50	0	50	50	50
27850	5.57	50	50	0	50	50	50	50	50
27879	5.5758	50	50	50	50	34	50	50	50
27921	5.5842	50	50	50	50	45	50	50	50
27929	5.5858	50	50	50	50	16	50	50	50
27952	5.5904	0	50	50	50	50	50	50	50
27957	5.5914	50	50	50	50	34	50	50	50
27977	5.5954	50	50	50	50	34	50	50	50
27979	5.5958	50	50	50	50	50	50	0	50
28016	5.6032	50	50	50	50	50	50	0	50
28020	5.604	50	50	50	50	50	50	0	50
28026	5.6052	50	50	49	50	50	50	50	50
28038	5.6076	50	50	44	50	50	50	50	50
28077	5.6154	50	50	0	50	50	50	50	50
28081	5.6162	50	50	0	50	50	50	50	50
28127	5.6254	50	50	50	50	50	50	0	50
28132	5.6264	50	50	0	50	50	50	50	50
28138	5.6276	50	50	0	50	50	50	50	50
28155	5.631	0	50	50	50	50	50	50	50
28165	5.633	50	50	50	50	50	50	0	50
28169	5.6338	50	50	50	50	16	50	50	50
28170	5.634	0	50	0	50	50	50	50	50
28185	5.637	50	50	50	50	50	50	0	50
28208	5.6416	50	50	50	50	16	50	50	50
28215	5.643	50	50	50	50	39	50	50	50
28272	5.6544	50	50	0	50	50	50	50	50
28274	5.6548	50	50	0	50	50	50	50	50
28316	5.6632	50	50	50	50	50	50	0	50
28355	5.671	0	50	50	50	50	50	50	50
28370	5.674	0	50	0	50	0	50	50	50
28383	5.6766	50	50	50	50	49	50	50	50
28385	5.677	0	50	50	50	50	50	50	50
28394	5.6788	50	50	50	50	50	50	49	50
28408	5.6816	50	50	50	50	50	50	0	50
28416	5.6832	50	50	50	50	50	50	0	50
28424	5.6848	50	50	50	50	50	50	0	50
28490	5.698	0	50	50	50	50	50	50	50
28498	5.6996	50	50	0	50	50	50	50	50
28515	5.703	50	50	50	50	50	50	0	50
28532	5.7064	50	50	50	50	34	50	50	50
28558	5.7116	50	50	50	50	0	50	50	50
28562	5.7124	0	50	50	50	50	50	50	50
28568	5.7136	50	50	0	50	50	50	50	50
28569	5.7138	50	50	50	50	50	50	0	50
28576	5.7152	50	50	50	50	0	50	50	50
28582	5.7164	50	50	50	50	50	50	0	50
28602	5.7204	0	50	0	50	0	50	29	50
28621	5.7242	0	50	50	50	50	50	50	50
28682	5.7364	50	50	50	50	50	50	0	50
28707	5.7414	50	50	0	50	50	50	50	50
28730	5.746	0	50	50	50	50	50	50	50
28742	5.7484	0	50	0	50	50	50	50	50
28760	5.752	50	50	50	50	23	50	50	50
28773	5.7546	50	50	50	50	50	50	0	50
28777	5.7554	50	50	50	50	50	50	21	50
28780	5.756	50	50	0	50	50	50	50	50
28804	5.7608	50	50	50	50	50	50	0	50
28830	5.766	50	50	0	50	50	50	50	50
28831	5.7662	49	50	50	50	50	50	50	50
28840	5.768	50	50	50	50	50	50	21	50
28845	5.769	0	50	50	50	50	50	50	50
28854	5.7708	50	50	0	50	50	50	50	50
28857	5.7714	21	50	50	50	50	50	50	50
28875	5.775	50	50	50	50	50	50	0	50
28887	5.7774	50	50	50	50	50	50	29	50
28888	5.7776	50	50	50	50	0	50	50	50
28908	5.7816	0	50	0	50	0	50	50	50
28912	5.7824	21	50	50	50	50	50	50	50
28932	5.7864	50	50	50	50	50	50	0	50
28965	5.793	50	50	50	50	0	50	50	50
28971	5.7942	0	50	0	50	0	50	50	50
28976	5.7952	50	50	0	50	50	50	50	50
28979	5.7958	50	50	50	50	0	50	50	50
29025	5.805	0	50	50	50	50	50	50	50
29059	5.8118	0	50	50	50	50	50	50	50
29060	5.812	50	50	50	50	50	50	48	50
29065	5.813	50	50	50	50	50	50	0	50
29073	5.8146	50	50	50	50	50	50	0	50
29075	5.815	0	50	50	50	50	50	50	50
29113	5.8226	50	50	50	50	50	50	49	50
29131	5.8262	50	50	50	50	50	50	0	50
29136	5.8272	50	50	0	50	50	50	50	50
29149	5.8298	50	50	0	50	50	50	50	50
29163	5.8326	0	50	0	50	0	50	50	50
29173	5.8346	50	50	50	50	0	50	50	50
29195	5.839	50	50	50	50	50	50	0	50
29198	5.8396	50	50	50	50	0	50	50	50
29214	5.8428	0	50	0	50	0	50	50	50
29219	5.8438	0	50	50	50	50	50	50	50
29258	5.8516	0	50	0	50	50	50	50	50
29274	5.8548	50	50	50	50	50	50	0	50
29276	5.8552	50	50	50	50	23	50	50	50
29287	5.8574	0	50	50	50	50	50	50	50
29323	5.8646	50	50	0	50	50	50	50	50
29342	5.8684	50	50	50	50	50	50	49	50
29354	5.8708	50	50	50	50	27	50	50	50
29357	5.8714	49	50	50	50	50	50	50	50
29368	5.8736	50	50	0	50	50	50	50	50
29395	5.879	50	50	50	50	0	50	50	50
29398	5.8796	50	50	50	50	39	50	50	50
29413	5.8826	50	50	50	50	0	50	50	50
29425	5.885	50	50	50	50	50	50	0	50
29453	5.8906	50	50	0	50	50	50	50	50
29467	5.8934	50	50	50	50	27	50	50	50
29497	5.8994	50	50	50	50	50	50	0	50
29513	5.9026	50	50	49	50	50	50	50	50
29515	5.903	50	50	50	50	0	50	50	50
29519	5.9038	50	50	50	50	43	50	50	50
29534	5.9068	50	50	50	50	50	50	0	50
29545	5.909	50	50	50	50	0	50	50	50
29548	5.9096	0	50	50	50	50	50	50	50
29561	5.9122	0	50	0	50	50	50	50	50
29567	5.9134	50	50	50	50	0	50	50	50
29574	5.9148	50	50	50	50	23	50	50	50
29593	5.9186	50	50	50	50	0	50	50	50
29598	5.9196	50	50	50	50	47	50	50	50
29618	5.9236	50	50	50	50	50	50	0	50
29634	5.9268	21	50	50	50	50	50	50	50
29641	5.9282	0	50	50	50	50	50	50	50
29654	5.9308	50	50	50	50	50	50	48	50
29658	5.9316	50	50	50	50	23	50	50	50
29659	5.9318	50	50	50	50	0	50	50	50
29664	5.9328	50	50	50	50	50	50	21	50
29670	5.934	50	50	0	50	50	50	50	50
29681	5.9362	50	50	50	50	27	50	50	50
29695	5.939	50	50	50	50	50	50	48	50
29700	5.94	49	50	50	50	50	50	50	50
29703	5.9406	50	50	50	50	23	50	50	50
29726	5.9452	50	50	50	50	43	50	50	50
29729	5.9458	50	50	50	50	23	50	50	50
29731	5.9462	50	50	50	50	50	50	0	50
29745	5.949	0	50	0	50	50	50	50	50
29770	5.954	50	50	50	50	50	50	47	50
29773	5.9546	50	50	50	50	0	50	50	50
29775	5.955	50	50	50	50	50	50	29	50
29792	5.9584	0	50	50	50	50	50	50	50
29794	5.9588	50	50	50	50	50	50	0	50
29804	5.9608	0	50	50	50	50	50	50	50
29807	5.9614	50	50	50	50	23	50	50	50
29844	5.9688	21	50	50	50	50	50	50	50
29853	5.9706	46	50	50	50	50	50	50	50
29857	5.9714	0	50	0	50	50	50	50	50
29881	5.9762	0	50	0	50	0	50	50	50
29883	5.9766	50	50	0	50	50	50	50	50
29892	5.9784	50	50	50	50	50	50	39	50
29896	5.9792	50	50	50	50	50	50	0	50
29898	5.9796	0	50	0	50	50	50	50	50
29900	5.98	50	50	50	50	50	50	0	50
29915	5.983	48	50	50	50	50	50	50	50
29920	5.984	0	50	0	50	50	50	50	50
29930	5.986	50	50	50	50	0	50	50	50
29931	5.9862	50	50	50	50	23	50	50	50
29941	5.9882	48	50	50	50	50	50	50	50
29968	5.9936	50	50	50	50	25	50	50	50
29981	5.9962	0	50	50	50	50	50	50	50
29987	5.9974	0	50	50	50	50	50	50	50
30005	6.001	50	50	50	50	50	50	0	50
30019	6.0038	50	50	50	50	50	50	0	50
30031	6.0062	0	50	50	50	50	50	50	50
30041	6.0082	50	50	50	50	0	50	50	50
30048	6.0096	50	50	50	50	23	50	50	50
30061	6.0122	50	50	45	50	50	50	50	50
30069	6.0138	50	50	50	50	50	50	0	50
30072	6.0144	50	50	50	50	50	50	0	50
30076	6.0152	0	50	50	50	50	50	50	50
30103	6.0206	50	50	50	50	43	50	50	50
30141	6.0282	50	50	50	50	0	50	50	50
30175	6.035	0	50	50	50	50	50	50	50
30203	6.0406	50	50	50	50	50	50	0	50
30207	6.0414	50	50	50	50	27	50	50	50
30244	6.0488	0	50	0	50	0	50	50	50
30281	6.0562	0	50	0	50	0	50	50	50
30305	6.061	50	50	50	50	50	50	0	50
30309	6.0618	50	50	50	50	50	50	41	50
30322	6.0644	50	50	0	50	50	50	50	50
30342	6.0684	50	50	50	50	50	50	0	50
30413	6.0826	0	50	0	50	0	50	50	50
30422	6.0844	50	50	50	50	50	50	0	50
30439	6.0878	50	50	50	50	0	50	50	50
30450	6.09	50	50	50	50	23	50	50	50
30492	6.0984	50	50	50	50	0	50	50	50
30514	6.1028	50	50	28	50	50	50	50	50
30516	6.1032	50	50	50	50	0	50	50	50
30523	6.1046	50	50	50	50	0	50	50	50
30535	6.107	50	50	50	50	0	50	50	50
30572	6.1144	0	50	0	50	0	50	50	50
30574	6.1148	50	50	50	50	50	50	0	50
30590	6.118	50	50	50	50	50	50	0	50
30603	6.1206	0	50	50	50	50	50	50	50
30631	6.1262	0	50	17	50	0	50	0	50
30669	6.1338	50	50	50	50	50	50	0	50
30677	6.1354	50	50	50	50	50	50	0	50
30689	6.1378	33	50	50	50	50	50	50	50
30690	6.138	0	50	50	50	50	50	50	50
30697	6.1394	50	50	50	50	50	50	0	50
30714	6.1428	50	50	50	50	0	50	50	50
30789	6.1578	50	50	50	50	50	50	0	50
30838	6.1676	50	50	0	50	50	50	50	50
30873	6.1746	50	50	50	50	50	50	0	50
30889	6.1778	50	50	50	50	50	50	0	50
30891	6.1782	50	50	50	50	50	50	0	50
30907	6.1814	50	50	50	50	50	50	0	50
30952	6.1904	50	50	50	50	18	50	50	50
30953	6.1906	0	50	50	50	50	50	50	50
31000	6.2	0	50	0	50	0	50	50	50
31080	6.216	50	50	0	50	50	50	50	50
31089	6.2178	50	50	44	50	50	50	50	50
31093	6.2186	50	50	50	50	50	50	0	50
31122	6.2244	50	50	50	50	50	50	47	50
31141	6.2282	50	50	0	50	50	50	50	50
31166	6.2332	50	50	50	50	0	50	50	50
31173	6.2346	50	50	50	50	0	50	50	50
31199	6.2398	50	50	50	50	50	50	0	50
31223	6.2446	50	50	50	50	20	50	50	50
31250	6.25	50	50	50	50	50	50	0	50
31256	6.2512	50	50	50	50	50	50	0	50
31263	6.2526	50	50	50	50	50	50	0	50
31280	6.256	50	50	50	50	0	50	50	50
31289	6.2578	29	50	50	50	50	50	50	50
31326	6.2652	50	50	50	50	50	50	21	50
31337	6.2674	50	50	50	50	50	50	49	50
31341	6.2682	50	50	0	50	50	50	50	50
31377	6.2754	50	50	50	50	0	50	50	50
31380	6.276	50	50	50	50	50	50	0	50
31454	6.2908	0	50	50	50	50	50	50	50
31456	6.2912	50	50	0	50	50	50	50	50
31460	6.292	50	50	50	50	0	50	50	50
31491	6.2982	50	50	0	50	50	50	50	50
31522	6.3044	50	50	50	50	0	50	50	50
31541	6.3082	50	50	50	50	0	50	50	50
31549	6.3098	50	50	50	50	50	50	0	50
31562	6.3124	50	50	50	50	18	50	50	50
31563	6.3126	50	50	48	50	50	50	50	50
31566	6.3132	0	50	0	50	0	50	50	50
31580	6.316	50	50	50	50	50	50	41	50
31611	6.3222	50	50	50	50	0	50	50	50
31624	6.3248	0	50	0	50	0	50	50	50
31629	6.3258	50	50	50	50	50	50	29	50
31655	6.331	33	50	50	50	50	50	50	50
31661	6.3322	50	50	50	50	50	50	0	50
31677	6.3354	50	50	50	50	50	50	0	50
31680	6.336	0	50	0	50	0	50	48	50
31713	6.3426	50	50	50	50	32	50	50	50
31724	6.3448	29	50	50	50	50	50	50	50
31746	6.3492	50	50	50	50	50	50	32	50
31771	6.3542	0	50	0	50	50	50	50	50
31807	6.3614	50	50	50	50	48	50	50	50
31831	6.3662	0	50	0	50	50	50	50	50
31860	6.372	50	50	0	50	50	50	50	50
31874	6.3748	50	50	50	50	0	50	50	50
31888	6.3776	50	50	50	50	50	50	0	50
31896	6.3792	0	50	50	50	0	50	0	50
31902	6.3804	0	50	0	50	50	50	50	50
31937	6.3874	0	50	50	50	50	50	50	50
31944	6.3888	0	50	0	50	0	50	50	50
31948	6.3896	50	50	50	50	50	50	0	50
31963	6.3926	50	50	50	50	50	50	29	50
32010	6.402	50	50	50	50	18	50	50	50
32020	6.404	50	50	0	50	50	50	50	50
32068	6.4136	50	50	50	50	18	50	50	50
32074	6.4148	0	50	50	50	50	50	50	50
32098	6.4196	50	50	50	50	50	50	0	50
32115	6.423	50	50	50	50	32	50	50	50
32132	6.4264	0	50	0	50	0	50	50	50
32145	6.429	0	50	0	50	0	50	50	50
32160	6.432	50	50	50	50	18	50	50	50
32177	6.4354	46	50	50	50	50	50	50	50
32183	6.4366	0	50	50	50	50	50	50	50
32240	6.448	50	50	50	50	32	50	50	50
32270	6.454	50	50	50	50	50	50	0	50
32305	6.461	48	50	50	50	50	50	50	50
32355	6.471	0	50	50	50	50	50	50	50
32362	6.4724	0	50	50	50	50	50	50	50
32396	6.4792	50	50	0	50	50	50	50	50
32401	6.4802	50	50	50	50	50	50	0	50
32415	6.483	50	50	50	50	0	50	50	50
32435	6.487	50	50	50	50	0	50	50	50
32437	6.4874	50	50	50	50	0	50	50	50
32439	6.4878	0	50	0	50	0	50	50	50
32451	6.4902	0	50	50	50	50	50	50	50
32475	6.495	0	50	0	50	0	50	50	50
32534	6.5068	50	50	50	50	50	50	48	50
32557	6.5114	0	50	50	50	50	50	50	50
32572	6.5144	50	50	50	50	50	50	0	50
32598	6.5196	0	50	0	50	50	50	50	50
32609	6.5218	50	50	50	50	50	50	0	50
32618	6.5236	50	50	50	50	0	50	50	50
32629	6.5258	50	50	50	50	50	50	0	50
32644	6.5288	50	50	50	50	50	50	0	50
32645	6.529	50	50	50	50	50	50	0	50
32671	6.5342	50	50	0	50	50	50	50	50
32672	6.5344	0	50	0	50	0	50	50	50
32736	6.5472	50	50	50	50	32	50	50	50
32745	6.549	50	50	50	50	50	50	0	50
32766	6.5532	0	50	0	50	0	50	50	50
32776	6.5552	0	50	50	50	50	50	50	50
32786	6.5572	50	50	0	50	50	50	50	50
32802	6.5604	0	50	50	50	50	50	50	50
32808	6.5616	50	50	50	50	50	50	0	50
32822	6.5644	50	50	0	50	50	50	50	50
32834	6.5668	50	50	50	50	0	50	50	50
32836	6.5672	50	50	50	50	32	50	50	50
32854	6.5708	50	50	50	50	0	50	50	50
32884	6.5768	50	50	47	50	50	50	50	50
32886	6.5772	50	50	50	50	50	50	0	50
32932	6.5864	50	50	50	50	50	50	49	50
32943	6.5886	50	50	50	50	50	50	48	50
32952	6.5904	50	50	50	50	0	50	50	50
32963	6.5926	0	50	50	50	50	50	50	50
32969	6.5938	50	50	12	50	50	50	50	50
32970	6.594	0	50	0	50	50	50	50	50
32988	6.5976	50	50	50	50	0	50	50	50
33037	6.6074	50	50	50	50	25	50	50	50
33060	6.612	50	50	50	50	50	50	0	50
33076	6.6152	50	50	50	50	0	50	50	50
33091	6.6182	46	50	50	50	50	50	50	50
33098	6.6196	0	50	50	50	50	50	50	50
33104	6.6208	50	50	50	50	0	50	50	50
33155	6.631	50	50	50	50	50	50	0	50
33163	6.6326	50	50	38	50	50	50	50	50
33165	6.633	50	50	50	50	50	50	0	50
33178	6.6356	0	50	0	50	0	50	50	50
33194	6.6388	50	50	50	50	0	50	50	50
33250	6.65	21	50	50	50	50	50	50	50
33258	6.6516	0	50	0	50	50	50	50	50
33264	6.6528	50	50	50	50	0	50	50	50
33329	6.6658	0	50	0	50	0	50	50	50
33334	6.6668	50	50	50	50	50	50	0	50
33372	6.6744	50	50	50	50	50	50	0	50
33391	6.6782	0	50	0	50	0	50	50	50
33397	6.6794	50	50	50	50	50	50	20	50
33417	6.6834	0	50	0	50	50	50	50	50
33438	6.6876	0	50	0	50	50	50	50	50
33550	6.71	50	50	0	50	50	50	50	50
33558	6.7116	0	50	50	50	50	50	50	50
33568	6.7136	50	50	50	50	0	50	50	50
33570	6.714	50	50	50	50	0	50	50	50
33614	6.7228	0	50	0	50	0	50	50	50
33619	6.7238	50	50	48	50	50	50	50	50
33623	6.7246	50	50	50	50	50	50	33	50
33666	6.7332	0	50	0	50	50	50	50	50
33671	6.7342	21	50	50	50	50	50	50	50
33686	6.7372	50	50	50	50	50	50	0	50
33697	6.7394	50	50	50	50	50	50	0	50
33715	6.743	50	50	50	50	50	50	0	50
33753	6.7506	50	50	50	50	50	50	2	50
33769	6.7538	50	50	0	50	50	50	50	50
33773	6.7546	0	50	50	50	50	50	50	50
33784	6.7568	50	50	50	50	49	50	50	50
33800	6.76	50	50	50	50	50	50	0	50
33840	6.768	0	50	50	50	50	50	50	50
33853	6.7706	0	50	50	50	50	50	50	50
33879	6.7758	0	50	50	50	50	50	50	50
33880	6.776	0	50	50	50	50	50	50	50
33917	6.7834	29	50	50	50	50	50	50	50
33924	6.7848	50	50	50	50	45	50	50	50
33999	6.7998	50	50	50	50	50	50	0	50
34015	6.803	0	50	0	50	0	50	50	50
34023	6.8046	50	50	50	50	25	50	50	50
34044	6.8088	0	50	0	50	50	50	0	50
34052	6.8104	50	50	50	50	50	50	0	50
34062	6.8124	50	50	50	50	49	50	50	50
34069	6.8138	0	50	50	50	50	50	50	50
34082	6.8164	35	50	50	50	50	50	50	50
34130	6.826	50	50	50	50	50	50	0	50
34142	6.8284	50	50	50	50	0	50	50	50
34144	6.8288	50	50	50	50	50	50	49	50
34145	6.829	0	50	0	50	0	50	50	50
34149	6.8298	50	50	0	50	50	50	50	50
34150	6.83	50	50	50	50	0	50	50	50
34170	6.834	0	50	0	50	0	50	50	50
34172	6.8344	50	50	50	50	50	50	0	50
34187	6.8374	0	50	50	50	50	50	50	50
34189	6.8378	50	50	50	50	50	50	48	50
34197	6.8394	21	50	50	50	50	50	50	50
34276	6.8552	50	50	0	50	50	50	50	50
34287	6.8574	0	50	50	50	50	50	50	50
34297	6.8594	0	50	0	50	0	50	50	50
34321	6.8642	50	50	0	50	50	50	50	50
34396	6.8792	0	50	0	50	0	50	50	50
34425	6.885	50	50	50	50	0	50	50	50
34436	6.8872	0	50	0	50	50	50	50	50
34443	6.8886	50	50	50	50	50	50	48	50
34451	6.8902	50	50	50	50	0	50	50	50
34453	6.8906	0	50	0	50	0	50	50	50
34495	6.899	0	50	0	50	50	50	50	50
34497	6.8994	50	50	50	50	0	50	50	50
34502	6.9004	50	50	0	50	50	50	50	50
34512	6.9024	50	50	38	50	50	50	50	50
34513	6.9026	50	50	50	50	50	50	0	50
34528	6.9056	50	50	0	50	50	50	50	50
34552	6.9104	0	50	0	50	50	50	50	50
34559	6.9118	50	50	50	50	50	50	0	50
34582	6.9164	50	50	50	50	50	50	0	50
34600	6.92	50	50	50	50	25	50	50	50
34613	6.9226	0	50	50	50	50	50	50	50
34624	6.9248	0	50	0	50	0	50	50	50
34654	6.9308	0	50	50	50	50	50	50	50
34655	6.931	50	50	50	50	50	50	0	50
34657	6.9314	0	50	0	50	0	50	50	50
34696	6.9392	0	50	0	50	0	50	50	50
34739	6.9478	50	50	50	50	0	50	50	50
34751	6.9502	49	50	50	50	50	50	50	50
34805	6.961	0	50	50	50	0	50	0	50
34812	6.9624	50	50	50	50	0	50	50	50
34825	6.965	50	50	50	50	0	50	50	50
34889	6.9778	50	50	0	50	50	50	50	50
34919	6.9838	50	50	0	50	50	50	50	50
34965	6.993	50	50	50	50	50	50	0	50
34972	6.9944	0	50	50	50	50	50	50	50
34989	6.9978	50	50	50	50	0	50	50	50
35007	7.0014	50	50	50	50	50	50	48	50
35014	7.0028	50	50	50	50	0	50	50	50
35021	7.0042	50	50	50	50	0	50	50	50
35026	7.0052	48	50	50	50	50	50	50	50
35039	7.0078	50	50	50	50	50	50	0	50
35063	7.0126	50	50	50	50	50	50	0	50
35072	7.0144	50	50	50	50	50	50	0	50
35105	7.021	50	50	50	50	50	50	0	50
35140	7.028	50	50	50	50	25	50	50	50
35143	7.0286	0	50	0	50	50	50	50	50
35164	7.0328	50	50	50	50	50	50	0	50
35197	7.0394	50	50	50	50	50	50	2	50
35205	7.041	50	50	50	50	40	50	50	50
35228	7.0456	50	50	50	50	0	50	50	50
35230	7.046	0	50	0	50	0	50	50	50
35234	7.0468	0	50	0	50	0	50	50	50
35259	7.0518	50	50	50	50	50	50	0	50
35263	7.0526	0	50	50	50	50	50	50	50
35271	7.0542	50	50	50	50	50	50	0	50
35277	7.0554	50	50	0	50	50	50	50	50
35326	7.0652	0	50	50	50	50	50	50	50
35343	7.0686	0	50	0	50	0	50	2	50
35372	7.0744	0	50	0	50	50	50	50	50
35384	7.0768	50	50	50	50	50	50	0	50
35385	7.077	50	50	50	50	50	50	38	50
35414	7.0828	50	50	50	50	7	50	50	50
35415	7.083	50	50	50	50	0	50	50	50
35416	7.0832	0	50	0	50	0	50	50	50
35420	7.084	50	50	50	50	50	50	0	50
35446	7.0892	0	50	50	50	50	50	50	50
35450	7.09	50	50	0	50	50	50	50	50
35462	7.0924	50	50	50	50	0	50	50	50
35479	7.0958	50	50	50	50	0	50	50	50
35488	7.0976	50	50	50	50	0	50	50	50
35490	7.098	49	50	50	50	50	50	50	50
35536	7.1072	50	50	50	50	50	50	0	50
35551	7.1102	50	50	50	50	50	50	0	50
35556	7.1112	50	50	50	50	50	50	0	50
35567	7.1134	50	50	50	50	50	50	48	50
35576	7.1152	21	50	50	50	50	50	50	50
35579	7.1158	50	50	50	50	50	50	0	50
35589	7.1178	50	50	50	50	0	50	50	50
35597	7.1194	0	50	50	50	50	50	50	50
35602	7.1204	50	50	50	50	25	50	50	50
35612	7.1224	50	50	0	50	50	50	50	50
35620	7.124	48	50	50	50	50	50	50	50
35624	7.1248	50	50	50	50	50	50	0	50
35658	7.1316	49	50	50	50	50	50	50	50
35668	7.1336	0	50	50	50	50	50	50	50
35674	7.1348	50	50	50	50	50	50	2	50
35710	7.142	33	50	50	50	50	50	50	50
35720	7.144	50	50	50	50	50	50	0	50
35753	7.1506	50	50	50	50	50	50	48	50
35764	7.1528	0	50	50	50	50	50	50	50
35779	7.1558	50	50	50	50	50	50	0	50
35820	7.164	50	50	50	50	48	50	50	50
35825	7.165	50	50	50	50	49	50	50	50
35828	7.1656	50	50	50	50	43	50	50	50
35834	7.1668	50	50	50	50	50	50	48	50
35870	7.174	50	50	50	50	50	50	0	50
35876	7.1752	50	50	0	50	50	50	50	50
35885	7.177	50	50	0	50	50	50	50	50
35895	7.179	0	50	0	50	0	50	50	50
35910	7.182	50	50	50	50	50	50	0	50
35915	7.183	50	50	0	50	50	50	50	50
35928	7.1856	50	50	50	50	50	50	48	50
35969	7.1938	50	50	50	50	0	50	50	50
35981	7.1962	50	50	50	50	50	50	0	50
35985	7.197	0	50	50	50	50	50	50	50
35993	7.1986	50	50	0	50	50	50	50	50
35994	7.1988	50	50	50	50	50	50	0	50
35998	7.1996	50	50	0	50	50	50	50	50
36005	7.201	0	50	0	50	0	50	50	50
36029	7.2058	50	50	33	50	50	50	50	50
36033	7.2066	0	50	50	50	50	50	50	50
36072	7.2144	0	50	50	50	50	50	50	50
36090	7.218	50	50	50	50	50	50	48	50
36104	7.2208	50	50	34	50	50	50	50	50
36109	7.2218	50	50	0	50	50	50	50	50
36200	7.24	50	50	50	50	50	50	0	50
36220	7.244	50	50	50	50	50	50	0	50
36222	7.2444	50	50	50	50	0	50	50	50
36235	7.247	50	50	50	50	50	50	0	50
36243	7.2486	50	50	0	50	50	50	50	50
36259	7.2518	50	50	50	50	50	50	0	50
36275	7.255	50	50	50	50	50	50	0	50
36301	7.2602	50	50	50	50	0	50	50	50
36314	7.2628	50	50	0	50	50	50	50	50
36344	7.2688	50	50	50	50	49	50	50	50
36356	7.2712	0	50	0	50	50	50	50	50
36362	7.2724	50	50	50	50	50	50	0	50
36404	7.2808	50	50	50	50	50	50	0	50
36420	7.284	50	50	50	50	0	50	50	50
36422	7.2844	50	50	50	50	50	50	0	50
36468	7.2936	46	50	50	50	50	50	50	50
36506	7.3012	0	50	50	50	50	50	50	50
36510	7.302	49	50	50	50	50	50	50	50
36527	7.3054	0	50	0	50	50	50	50	50
36538	7.3076	50	50	49	50	50	50	50	50
36542	7.3084	48	50	50	50	50	50	50	50
36558	7.3116	50	50	50	50	50	50	0	50
36580	7.316	0	50	0	50	50	50	50	50
36591	7.3182	0	50	0	50	0	50	50	50
36593	7.3186	0	50	50	50	50	50	50	50
36629	7.3258	0	50	0	50	0	50	50	50
36634	7.3268	0	50	50	50	50	50	50	50
36662	7.3324	50	50	0	50	50	50	50	50
36691	7.3382	0	50	0	50	50	50	50	50
36698	7.3396	0	50	0	50	50	50	50	50
36710	7.342	50	50	50	50	50	50	48	50
36722	7.3444	0	50	50	50	50	50	50	50
36735	7.347	50	50	50	50	0	50	50	50
36744	7.3488	50	50	50	50	0	50	50	50
36772	7.3544	0	50	0	50	0	50	50	50
36775	7.355	50	50	50	50	0	50	50	50
36777	7.3554	50	50	50	50	0	50	50	50
36826	7.3652	23	50	50	50	50	50	50	50
36877	7.3754	50	50	50	50	50	50	0	50
36880	7.376	50	50	12	50	50	50	50	50
36891	7.3782	50	50	0	50	50	50	50	50
36923	7.3846	0	50	50	50	50	50	50	50
36942	7.3884	50	50	50	50	50	50	0	50
36959	7.3918	0	50	50	50	0	50	0	50
36965	7.393	50	50	0	50	50	50	50	50
36989	7.3978	0	50	0	50	50	50	50	50
36999	7.3998	50	50	50	50	50	50	0	50
37059	7.4118	0	50	0	50	0	50	50	50
37060	7.412	50	50	50	50	0	50	50	50
37065	7.413	50	50	50	50	50	50	0	50
37068	7.4136	50	50	12	50	50	50	50	50
37075	7.415	0	50	50	50	50	50	50	50
37103	7.4206	49	50	50	50	50	50	50	50
37124	7.4248	0	50	50	50	50	50	50	50
37140	7.428	50	50	50	50	50	50	0	50
37146	7.4292	50	50	50	50	50	50	0	50
37161	7.4322	50	50	50	50	50	50	0	50
37178	7.4356	50	50	50	50	50	50	0	50
37217	7.4434	50	50	50	50	0	50	50	50
37222	7.4444	50	50	50	50	50	50	38	50
37226	7.4452	50	50	50	50	50	50	0	50
37237	7.4474	50	50	0	50	50	50	50	50
37263	7.4526	0	50	0	50	50	50	50	50
37296	7.4592	0	50	0	50	50	50	50	50
37299	7.4598	50	50	50	50	30	50	50	50
37379	7.4758	0	50	0	50	50	50	50	50
37386	7.4772	0	50	0	50	50	50	50	50
37454	7.4908	0	50	0	50	0	50	50	50
37473	7.4946	50	50	33	50	50	50	50	50
37478	7.4956	50	50	34	50	50	50	50	50
37493	7.4986	0	50	0	50	0	50	50	50
37502	7.5004	0	50	50	50	50	50	50	50
37505	7.501	50	50	50	50	0	50	50	50
37510	7.502	0	50	50	50	50	50	50	50
37515	7.503	0	50	0	50	50	50	50	50
37519	7.5038	50	50	50	50	50	50	34	50
37584	7.5168	50	50	50	50	43	50	50	50
37620	7.524	50	50	0	50	50	50	50	50
37623	7.5246	50	50	50	50	0	50	50	50
37699	7.5398	0	50	0	50	0	50	50	50
37709	7.5418	0	50	0	50	0	50	50	50
37832	7.5664	0	50	0	50	0	50	50	50
37842	7.5684	50	50	50	50	0	50	50	50
37848	7.5696	0	50	50	50	50	50	50	50
37849	7.5698	50	50	50	50	50	50	0	50
37854	7.5708	50	50	50	50	0	50	50	50
37856	7.5712	50	50	50	50	0	50	50	50
37986	7.5972	50	50	50	50	0	50	50	50
37997	7.5994	50	50	50	50	50	50	48	50
38000	7.6	50	50	50	50	0	50	50	50
38003	7.6006	50	50	50	50	0	50	50	50
38006	7.6012	50	50	50	50	50	50	0	50
38035	7.607	50	50	50	50	50	50	0	50
38067	7.6134	50	50	0	50	50	50	50	50
38076	7.6152	50	50	50	50	0	50	50	50
38095	7.619	50	50	50	50	50	50	34	50
38096	7.6192	0	50	0	50	0	50	50	50
38101	7.6202	0	50	50	50	50	50	50	50
38173	7.6346	50	50	50	50	50	50	0	50
38194	7.6388	50	50	50	50	30	50	50	50
38203	7.6406	0	50	50	50	50	50	50	50
38211	7.6422	0	50	50	50	50	50	50	50
38219	7.6438	0	50	50	50	50	50	50	50
38226	7.6452	0	50	0	50	0	50	50	50
38238	7.6476	50	50	0	50	50	50	50	50
38249	7.6498	50	50	0	50	50	50	50	50
38291	7.6582	0	50	50	50	50	50	50	50
38305	7.661	50	50	50	50	50	50	0	50
38317	7.6634	50	50	50	50	0	50	50	50
38324	7.6648	50	50	50	50	27	50	50	50
38337	7.6674	50	50	50	50	50	50	0	50
38360	7.672	0	50	50	50	50	50	50	50
38363	7.6726	0	50	0	50	0	50	50	50
38366	7.6732	50	50	50	50	0	50	50	50
38367	7.6734	50	50	50	50	0	50	50	50
38378	7.6756	50	50	50	50	50	50	0	50
38403	7.6806	50	50	36	50	50	50	50	50
38424	7.6848	31	50	50	50	50	50	50	50
38451	7.6902	50	50	50	50	50	50	0	50
38486	7.6972	50	50	50	50	50	50	48	50
38507	7.7014	50	50	50	50	50	50	38	50
38511	7.7022	50	50	46	50	50	50	50	50
38545	7.709	0	50	50	50	50	50	50	50
38547	7.7094	50	50	0	50	50	50	50	50
38601	7.7202	50	50	50	50	50	50	0	50
38629	7.7258	50	50	0	50	50	50	50	50
38637	7.7274	50	50	50	50	0	50	50	50
38680	7.736	50	50	43	50	50	50	50	50
38700	7.74	0	50	50	50	50	50	50	50
38721	7.7442	50	50	0	50	50	50	50	50
38744	7.7488	0	50	50	50	50	50	50	50
38750	7.75	0	50	0	50	50	50	0	50
38752	7.7504	50	50	50	50	50	50	0	50
38754	7.7508	50	50	49	50	50	50	50	50
38763	7.7526	50	50	0	50	50	50	50	50
38777	7.7554	50	50	50	50	0	50	50	50
38790	7.758	0	50	0	50	0	50	50	50
38808	7.7616	27	50	50	50	50	50	50	50
38810	7.762	50	50	50	50	50	50	0	50
38813	7.7626	50	50	50	50	50	50	0	50
38832	7.7664	50	50	50	50	50	50	0	50
38855	7.771	50	50	50	50	50	50	0	50
38856	7.7712	50	50	50	50	50	50	0	50
38911	7.7822	0	50	0	50	50	50	50	50
38912	7.7824	50	50	50	50	50	50	48	50
38921	7.7842	50	50	50	50	50	50	0	50
38933	7.7866	0	50	0	50	50	50	50	50
38952	7.7904	0	50	50	50	50	50	50	50
38989	7.7978	0	50	0	50	5	50	0	50
39023	7.8046	0	50	0	50	0	50	50	50
39026	7.8052	50	50	50	50	50	50	0	50
39043	7.8086	50	50	50	50	43	50	50	50
39044	7.8088	0	50	0	50	0	50	50	50
39069	7.8138	50	50	50	50	50	50	0	50
39070	7.814	50	50	50	50	49	50	50	50
39088	7.8176	23	50	50	50	50	50	50	50
39134	7.8268	50	50	0	50	0	50	0	50
39135	7.827	50	50	50	50	7	50	50	50
39142	7.8284	50	50	50	50	50	50	48	50
39154	7.8308	50	50	50	50	50	50	0	50
39167	7.8334	50	50	50	50	50	50	0	50
39194	7.8388	0	50	50	50	50	50	50	50
39202	7.8404	50	50	50	50	50	50	0	50
39210	7.842	50	50	50	50	50	50	0	50
39262	7.8524	0	50	50	50	0	50	0	50
39265	7.853	50	50	50	50	49	50	50	50
39268	7.8536	49	50	50	50	50	50	50	50
39270	7.854	0	50	0	50	50	50	50	50
39271	7.8542	50	50	50	50	50	50	0	50
39276	7.8552	0	50	0	50	0	50	50	50
39282	7.8564	50	50	50	50	50	50	0	50
39327	7.8654	0	50	0	50	50	50	50	50
39341	7.8682	0	50	50	50	50	50	50	50
39344	7.8688	0	50	0	50	0	50	50	50
39366	7.8732	50	50	50	50	43	50	50	50
39371	7.8742	50	50	50	50	50	50	0	50
39381	7.8762	50	50	0	50	50	50	50	50
39409	7.8818	50	50	50	50	0	50	50	50
39468	7.8936	0	50	50	50	50	50	50	50
39512	7.9024	0	50	0	50	50	50	50	50
39530	7.906	50	50	0	50	50	50	50	50
39536	7.9072	50	50	50	50	50	50	0	50
39556	7.9112	50	50	50	50	50	50	0	50
39587	7.9174	0	50	0	50	50	50	50	50
39613	7.9226	49	50	50	50	50	50	50	50
39639	7.9278	50	50	50	50	0	50	50	50
39648	7.9296	0	50	0	50	50	50	50	50
39662	7.9324	50	50	50	50	0	50	50	50
39712	7.9424	50	50	50	50	46	50	50	50
39755	7.951	50	50	37	50	50	50	50	50
39769	7.9538	50	50	50	50	49	50	50	50
39783	7.9566	50	50	0	50	50	50	50	50
39795	7.959	50	50	50	50	50	50	0	50
39812	7.9624	50	50	0	50	50	50	50	50
39816	7.9632	50	50	50	50	50	50	0	50
39887	7.9774	50	50	50	50	50	50	0	50
39889	7.9778	50	50	50	50	50	50	0	50
39906	7.9812	50	50	49	50	50	50	50	50
39931	7.9862	50	50	50	50	0	50	50	50
39943	7.9886	0	50	0	50	19	50	0	50
39948	7.9896	0	50	0	50	0	50	50	50
39969	7.9938	0	50	50	50	50	50	50	50
39975	7.995	50	50	49	50	50	50	50	50
39979	7.9958	50	50	50	50	0	50	50	50
39984	7.9968	0	50	0	50	0	50	50	50
39996	7.9992	50	50	50	50	0	50	50	50
40033	8.0066	50	50	0	50	50	50	50	50
40111	8.0222	0	50	0	50	50	50	50	50
40163	8.0326	50	50	50	50	50	50	0	50
40165	8.033	50	50	50	50	50	50	0	50
40189	8.0378	50	50	50	50	50	50	38	50
40228	8.0456	50	50	50	50	50	50	0	50
40232	8.0464	0	50	0	50	0	50	50	50
40234	8.0468	0	50	50	50	50	50	50	50
40242	8.0484	50	50	50	50	50	50	0	50
40247	8.0494	0	50	50	50	50	50	50	50
40271	8.0542	50	50	50	50	50	50	0	50
40281	8.0562	50	50	50	50	43	50	50	50
40309	8.0618	0	50	0	50	50	50	50	50
40313	8.0626	50	50	50	50	50	50	49	50
40332	8.0664	0	50	50	50	50	50	50	50
40358	8.0716	0	50	50	50	50	50	50	50
40360	8.072	0	50	0	50	50	50	50	50
40366	8.0732	50	50	50	50	50	50	0	50
40371	8.0742	50	50	50	50	0	50	50	50
40372	8.0744	50	50	0	50	50	50	50	50
40384	8.0768	50	50	50	50	0	50	50	50
40385	8.077	50	50	50	50	50	50	0	50
40405	8.081	50	50	50	50	50	50	0	50
40416	8.0832	50	50	42	50	50	50	50	50
40419	8.0838	0	50	0	50	0	50	50	50
40426	8.0852	0	50	50	50	50	50	50	50
40439	8.0878	50	50	50	50	0	50	50	50
40448	8.0896	50	50	50	50	0	50	50	50
40460	8.092	0	50	50	50	50	50	50	50
40468	8.0936	0	50	0	50	50	50	50	50
40480	8.096	0	50	0	50	0	50	50	50
40508	8.1016	50	50	50	50	50	50	0	50
40514	8.1028	50	50	50	50	50	50	0	50
40520	8.104	0	50	0	50	0	50	50	50
40569	8.1138	50	50	50	50	50	50	0	50
40579	8.1158	50	50	36	50	50	50	50	50
40608	8.1216	50	50	50	50	43	50	50	50
40613	8.1226	50	50	50	50	50	50	0	50
40622	8.1244	50	50	0	50	50	50	50	50
40645	8.129	50	50	50	50	0	50	50	50
40649	8.1298	50	50	0	50	50	50	50	50
40669	8.1338	50	50	50	50	50	50	0	50
40689	8.1378	50	50	50	50	50	50	0	50
40700	8.14	35	50	50	50	50	50	50	50
40702	8.1404	50	50	0	50	50	50	50	50
40708	8.1416	50	50	50	50	43	50	50	50
40726	8.1452	0	50	0	50	0	50	50	50
40787	8.1574	50	50	0	50	50	50	50	50
40816	8.1632	50	50	50	50	0	50	50	50
40822	8.1644	0	50	0	50	50	50	50	50
40866	8.1732	50	50	50	50	50	50	0	50
40886	8.1772	50	50	50	50	50	50	0	50
40922	8.1844	0	50	0	50	50	50	50	50
41008	8.2016	50	50	50	50	50	50	0	50
41032	8.2064	50	50	50	50	50	50	16	50
41038	8.2076	50	50	50	50	45	50	50	50
41072	8.2144	0	50	0	50	50	50	50	50
41094	8.2188	50	50	50	50	50	50	0	50
41098	8.2196	50	50	50	50	7	50	50	50
41135	8.227	50	50	50	50	50	50	48	50
41162	8.2324	50	50	50	50	50	50	0	50
41178	8.2356	50	50	50	50	0	50	50	50
41181	8.2362	50	50	50	50	50	50	0	50
41184	8.2368	50	50	0	50	50	50	50	50
41185	8.237	0	50	50	50	50	50	50	50
41198	8.2396	50	50	0	50	50	50	50	50
41204	8.2408	50	50	50	50	50	50	0	50
41209	8.2418	50	50	0	50	50	50	50	50
41210	8.242	50	50	0	50	50	50	50	50
41231	8.2462	50	50	50	50	0	50	50	50
41238	8.2476	50	50	50	50	50	50	0	50
41284	8.2568	50	50	50	50	50	50	0	50
41305	8.261	50	50	50	50	50	50	49	50
41323	8.2646	50	50	50	50	50	50	0	50
41350	8.27	50	50	50	50	0	50	50	50
41358	8.2716	0	50	0	50	0	50	50	50
41359	8.2718	50	50	0	50	50	50	50	50
41363	8.2726	0	50	0	50	50	50	50	50
41366	8.2732	0	50	0	50	50	50	50	50
41375	8.275	50	50	0	50	50	50	50	50
41394	8.2788	50	50	50	50	50	50	0	50
41401	8.2802	50	50	50	50	0	50	50	50
41409	8.2818	50	50	50	50	50	50	0	50
41417	8.2834	50	50	50	50	0	50	50	50
41425	8.285	0	50	0	50	0	50	50	50
41434	8.2868	0	50	50	50	50	50	50	50
41487	8.2974	0	50	0	50	50	50	50	50
41513	8.3026	0	50	50	50	50	50	50	50
41518	8.3036	50	50	0	50	50	50	50	50
41531	8.3062	0	50	50	50	50	50	50	50
41545	8.309	50	50	50	50	50	50	0	50
41555	8.311	50	50	0	50	50	50	50	50
41561	8.3122	50	50	23	50	50	50	50	50
41563	8.3126	0	50	0	50	0	50	50	50
41581	8.3162	0	50	0	50	50	50	50	50
41602	8.3204	0	50	0	50	50	50	50	50
41620	8.324	50	50	50	50	50	50	0	50
41667	8.3334	50	50	50	50	49	50	50	50
41701	8.3402	50	50	50	50	7	50	50	50
41745	8.349	50	50	50	50	0	50	50	50
41790	8.358	50	50	50	50	50	50	0	50
41802	8.3604	0	50	50	50	50	50	50	50
41824	8.3648	50	50	50	50	0	50	50	50
41849	8.3698	50	50	50	50	50	50	0	50
41896	8.3792	0	50	0	50	0	50	50	50
41900	8.38	50	50	36	50	50	50	50	50
41901	8.3802	50	50	0	50	50	50	50	50
41905	8.381	50	50	50	50	43	50	50	50
41907	8.3814	0	50	50	50	50	50	50	50
41933	8.3866	50	50	0	50	50	50	50	50
41941	8.3882	50	50	25	50	50	50	50	50
41947	8.3894	50	50	50	50	0	50	50	50
41958	8.3916	50	50	0	50	50	50	50	50
41961	8.3922	50	50	50	50	0	50	50	50
41992	8.3984	50	50	0	50	50	50	50	50
42032	8.4064	50	50	50	50	50	50	0	50
42045	8.409	0	50	0	50	50	50	0	50
42051	8.4102	50	50	50	50	50	50	0	50
42064	8.4128	50	50	50	50	50	50	0	50
42071	8.4142	50	50	50	50	50	50	0	50
42077	8.4154	50	50	50	50	50	50	0	50
42083	8.4166	0	50	0	50	0	50	50	50
42111	8.4222	0	50	50	50	50	50	50	50
42117	8.4234	48	50	50	50	50	50	50	50
42125	8.425	50	50	50	50	50	50	48	50
42130	8.426	50	50	0	50	50	50	50	50
42138	8.4276	50	50	0	50	50	50	50	50
42139	8.4278	50	50	50	50	50	50	0	50
42140	8.428	46	50	50	50	50	50	50	50
42148	8.4296	50	50	0	50	50	50	50	50
42154	8.4308	49	50	50	50	50	50	50	50
42168	8.4336	0	50	50	50	50	50	50	50
42190	8.438	0	50	50	50	50	50	50	50
42204	8.4408	0	50	0	50	50	50	0	50
42223	8.4446	50	50	50	50	0	50	50	50
42289	8.4578	0	50	0	50	0	50	50	50
42323	8.4646	50	50	50	50	0	50	50	50
42333	8.4666	0	50	0	50	0	50	50	50
42390	8.478	50	50	50	50	0	50	50	50
42395	8.479	50	50	50	50	48	50	50	50
42404	8.4808	0	50	50	50	50	50	50	50
42412	8.4824	50	50	23	50	50	50	50	50
42419	8.4838	50	50	0	50	50	50	50	50
42426	8.4852	50	50	0	50	50	50	50	50
42429	8.4858	50	50	50	50	0	50	50	50
42433	8.4866	50	50	50	50	0	50	50	50
42435	8.487	50	50	0	50	0	50	0	50
42438	8.4876	0	50	0	50	50	50	50	50
42500	8.5	50	50	50	50	50	50	0	50
42504	8.5008	50	50	50	50	0	50	50	50
42506	8.5012	49	50	50	50	50	50	50	50
42514	8.5028	0	50	0	50	50	50	50	50
42518	8.5036	0	50	0	50	0	50	50	50
42541	8.5082	0	50	0	50	50	50	50	50
42545	8.509	50	50	50	50	50	50	0	50
42570	8.514	50	50	50	50	0	50	50	50
42585	8.517	50	50	50	50	50	50	0	50
42588	8.5176	50	50	50	50	50	50	0	50
42667	8.5334	50	50	0	50	50	50	50	50
42689	8.5378	50	50	0	50	50	50	50	50
42710	8.542	50	50	50	50	50	50	0	50
42731	8.5462	50	50	0	50	50	50	50	50
42752	8.5504	50	50	50	50	0	50	50	50
42777	8.5554	50	50	17	50	50	50	50	50
42801	8.5602	0	50	0	50	0	50	50	50
42812	8.5624	50	50	42	50	50	50	50	50
42833	8.5666	50	50	50	50	50	50	0	50
42842	8.5684	50	50	50	50	50	50	0	50
42858	8.5716	50	50	50	50	0	50	50	50
42880	8.576	50	50	46	50	50	50	50	50
42909	8.5818	50	50	46	50	50	50	50	50
42935	8.587	50	50	48	50	50	50	50	50
42952	8.5904	0	50	50	50	50	50	50	50
42955	8.591	50	50	50	50	50	50	0	50
42958	8.5916	50	50	50	50	50	50	0	50
42989	8.5978	50	50	50	50	0	50	50	50
43005	8.601	50	50	50	50	0	50	50	50
43026	8.6052	50	50	0	50	50	50	50	50
43036	8.6072	50	50	0	50	50	50	50	50
43046	8.6092	0	50	0	50	0	50	50	50
43083	8.6166	0	50	50	50	50	50	50	50
43099	8.6198	50	50	0	50	50	50	50	50
43101	8.6202	50	50	50	50	50	50	0	50
43140	8.628	48	50	50	50	50	50	50	50
43145	8.629	50	50	50	50	50	50	0	50
43180	8.636	50	50	50	50	50	50	0	50
43193	8.6386	50	50	50	50	0	50	50	50
43203	8.6406	50	50	0	50	50	50	50	50
43213	8.6426	0	50	50	50	50	50	50	50
43222	8.6444	50	50	50	50	50	50	0	50
43241	8.6482	50	50	0	50	50	50	50	50
43256	8.6512	50	50	50	50	0	50	50	50
43309	8.6618	50	50	50	50	50	50	0	50
43325	8.665	0	50	0	50	0	50	50	50
43333	8.6666	0	50	0	50	50	50	50	50
43343	8.6686	50	50	0	50	50	50	50	50
43355	8.671	50	50	0	50	50	50	50	50
43377	8.6754	50	50	50	50	50	50	0	50
43393	8.6786	0	50	0	50	0	50	50	50
43394	8.6788	50	50	50	50	50	50	0	50
43420	8.684	0	50	50	50	50	50	50	50
43426	8.6852	50	50	50	50	50	50	48	50
43433	8.6866	50	50	50	50	50	50	0	50
43449	8.6898	0	50	0	50	50	50	0	50
43457	8.6914	0	50	0	50	0	50	50	50
43458	8.6916	50	50	9	50	50	50	50	50
43471	8.6942	50	50	0	50	0	50	0	50
43483	8.6966	50	50	0	50	50	50	50	50
43520	8.704	0	50	0	50	0	50	50	50
43528	8.7056	50	50	50	50	0	50	50	50
43543	8.7086	50	50	50	50	50	50	0	50
43554	8.7108	50	50	0	50	50	50	50	50
43556	8.7112	50	50	50	50	0	50	50	50
43567	8.7134	50	50	50	50	0	50	50	50
43623	8.7246	50	50	0	50	50	50	50	50
43627	8.7254	50	50	0	50	50	50	50	50
43675	8.735	0	50	50	50	50	50	50	50
43686	8.7372	50	50	50	50	50	50	0	50
43705	8.741	50	50	32	50	50	50	50	50
43748	8.7496	50	50	50	50	50	50	0	50
43763	8.7526	50	50	50	50	45	50	50	50
43821	8.7642	50	50	50	50	50	50	0	50
43822	8.7644	0	50	50	50	50	50	50	50
43835	8.767	50	50	50	50	50	50	0	50
43849	8.7698	0	50	50	50	50	50	50	50
43855	8.771	50	50	50	50	49	50	50	50
43872	8.7744	50	50	50	50	0	50	0	50
43907	8.7814	50	50	50	50	0	50	50	50
43939	8.7878	50	50	50	50	50	50	0	50
43954	8.7908	50	50	41	50	50	50	50	50
43981	8.7962	0	50	50	50	50	50	50	50
43983	8.7966	50	50	41	50	50	50	50	50
44025	8.805	0	50	0	50	0	50	50	50
44065	8.813	50	50	50	50	50	50	0	50
44075	8.815	0	50	0	50	0	50	50	50
44079	8.8158	15	50	50	50	50	50	50	50
44111	8.8222	50	50	50	50	0	50	50	50
44121	8.8242	0	50	0	50	50	50	50	50
44145	8.829	50	50	0	50	50	50	50	50
44172	8.8344	50	50	50	50	50	50	0	50
44199	8.8398	0	50	50	50	50	50	50	50
44284	8.8568	50	50	50	50	0	50	50	50
44331	8.8662	50	50	50	50	50	50	0	50
44368	8.8736	50	50	50	50	50	50	0	50
44376	8.8752	50	50	50	50	50	50	0	50
44394	8.8788	50	50	50	50	50	50	0	50
44395	8.879	50	50	0	50	50	50	50	50
44450	8.89	0	50	0	50	50	50	50	50
44457	8.8914	50	50	50	50	50	50	0	50
44464	8.8928	0	50	50	50	50	50	50	50
44467	8.8934	50	50	50	50	0	50	50	50
44468	8.8936	50	50	0	50	50	50	50	50
44475	8.895	46	50	50	50	50	50	50	50
44483	8.8966	50	50	0	50	50	50	50	50
44507	8.9014	50	50	50	50	50	50	0	50
44593	8.9186	50	50	50	50	50	50	0	50
44597	8.9194	50	50	50	50	0	50	50	50
44616	8.9232	50	50	0	50	50	50	50	50
44618	8.9236	50	50	0	50	50	50	50	50
44622	8.9244	50	50	50	50	0	50	50	50
44643	8.9286	50	50	50	50	0	50	50	50
44660	8.932	0	50	0	50	50	50	0	50
44667	8.9334	50	50	50	50	50	50	0	50
44694	8.9388	0	50	0	50	0	50	50	50
44734	8.9468	50	50	0	50	50	50	50	50
44744	8.9488	0	50	50	50	50	50	50	50
44753	8.9506	50	50	50	50	50	50	0	50
44774	8.9548	35	50	50	50	50	50	50	50
44859	8.9718	50	50	50	50	50	50	0	50
44890	8.978	50	50	0	50	50	50	50	50
44898	8.9796	50	50	50	50	50	50	36	50
44919	8.9838	50	50	50	50	50	50	0	50
44925	8.985	50	50	50	50	0	50	50	50
44930	8.986	50	50	50	50	0	50	50	50
44944	8.9888	50	50	50	50	0	50	50	50
44982	8.9964	50	50	0	50	50	50	50	50
44988	8.9976	50	50	50	50	50	50	0	50
45007	9.0014	50	50	50	50	50	50	0	50
45032	9.0064	50	50	50	50	50	50	47	50
45051	9.0102	50	50	50	50	0	50	50	50
45054	9.0108	50	50	50	50	50	50	0	50
45055	9.011	50	50	50	50	0	50	50	50
45066	9.0132	0	50	50	50	50	50	50	50
45098	9.0196	50	50	50	50	50	50	0	50
45107	9.0214	50	50	50	50	50	50	0	50
45118	9.0236	50	50	50	50	0	50	50	50
45121	9.0242	50	50	0	50	50	50	50	50
45141	9.0282	50	50	0	50	50	50	50	50
45156	9.0312	0	50	0	50	50	50	50	50
45163	9.0326	50	50	42	50	50	50	50	50
45169	9.0338	0	50	50	50	50	50	50	50
45171	9.0342	50	50	50	50	50	50	0	50
45182	9.0364	50	50	50	50	31	50	50	50
45187	9.0374	0	50	50	50	50	50	50	50
45197	9.0394	0	50	50	50	50	50	50	50
45223	9.0446	50	50	50	50	50	50	0	50
45232	9.0464	0	50	0	50	0	50	50	50
45236	9.0472	0	50	50	50	50	50	50	50
45256	9.0512	0	50	0	50	50	50	50	50
45276	9.0552	50	50	50	50	50	50	0	50
45278	9.0556	50	50	50	50	48	50	50	50
45314	9.0628	50	50	50	50	0	50	50	50
45316	9.0632	50	50	50	50	50	50	0	50
45380	9.076	0	50	0	50	0	50	50	50
45408	9.0816	0	50	50	50	50	50	50	50
45419	9.0838	50	50	42	50	50	50	50	50
45464	9.0928	50	50	50	50	50	50	0	50
45465	9.093	0	50	50	50	50	50	50	50
45479	9.0958	50	50	50	50	50	50	0	50
45496	9.0992	50	50	50	50	50	50	40	50
45514	9.1028	48	50	50	50	50	50	50	50
45525	9.105	0	50	0	50	50	50	50	50
45542	9.1084	50	50	0	50	50	50	50	50
45561	9.1122	50	50	50	50	50	50	48	50
45615	9.123	50	50	50	50	50	50	0	50
45628	9.1256	0	50	0	50	50	50	50	50
45642	9.1284	50	50	50	50	50	50	0	50
45658	9.1316	50	50	50	50	0	50	50	50
45661	9.1322	48	50	50	50	50	50	50	50
45664	9.1328	50	50	50	50	50	50	0	50
45680	9.136	50	50	50	50	50	50	0	50
45690	9.138	50	50	50	50	24	50	50	50
45699	9.1398	50	50	50	50	50	50	0	50
45704	9.1408	50	50	43	50	50	50	50	50
45711	9.1422	0	50	0	50	0	50	50	50
45747	9.1494	50	50	50	50	50	50	0	50
45759	9.1518	50	50	50	50	50	50	0	50
45797	9.1594	50	50	50	50	50	50	0	50
45801	9.1602	0	50	0	50	50	50	50	50
45805	9.161	50	50	50	50	0	50	50	50
45806	9.1612	50	50	50	50	0	50	50	50
45822	9.1644	50	50	0	50	50	50	50	50
45823	9.1646	0	50	50	50	50	50	50	50
45867	9.1734	50	50	50	50	50	50	0	50
45874	9.1748	50	50	50	50	0	50	50	50
45926	9.1852	50	50	50	50	50	50	0	50
45935	9.187	0	50	0	50	0	50	50	50
45938	9.1876	50	50	50	50	50	50	0	50
45963	9.1926	50	50	50	50	0	50	50	50
45979	9.1958	0	50	0	50	0	50	50	50
46030	9.206	50	50	50	50	50	50	0	50
46035	9.207	50	50	50	50	50	50	0	50
46047	9.2094	0	50	50	50	50	50	50	50
46055	9.211	0	50	0	50	50	50	50	50
46064	9.2128	50	50	50	50	0	50	50	50
46084	9.2168	50	50	48	50	50	50	50	50
46085	9.217	50	50	50	50	50	50	0	50
46087	9.2174	50	50	50	50	50	50	34	50
46108	9.2216	50	50	50	50	50	50	0	50
46129	9.2258	50	50	50	50	0	50	50	50
46132	9.2264	50	50	0	50	50	50	50	50
46147	9.2294	0	50	0	50	50	50	50	50
46174	9.2348	50	50	50	50	50	50	0	50
46192	9.2384	50	50	50	50	50	50	0	50
46222	9.2444	50	50	50	50	31	50	50	50
46250	9.25	50	50	50	50	50	50	16	50
46251	9.2502	50	50	50	50	45	50	50	50
46258	9.2516	50	50	50	50	0	50	50	50
46263	9.2526	50	50	50	50	0	50	50	50
46287	9.2574	50	50	50	50	50	50	0	50
46304	9.2608	0	50	0	50	0	50	50	50
46306	9.2612	50	50	0	50	50	50	50	50
46378	9.2756	50	50	50	50	50	50	0	50
46421	9.2842	50	50	0	50	50	50	50	50
46423	9.2846	50	50	50	50	48	50	50	50
46430	9.286	50	50	50	50	50	50	0	50
46463	9.2926	50	50	50	50	50	50	0	50
46469	9.2938	50	50	50	50	45	50	50	50
46473	9.2946	50	50	50	50	50	50	48	50
46531	9.3062	50	50	50	50	0	50	50	50
46535	9.307	0	50	50	50	50	50	50	50
46611	9.3222	50	50	50	50	50	50	0	50
46628	9.3256	50	50	0	50	50	50	50	50
46640	9.328	50	50	50	50	50	50	47	50
46650	9.33	41	50	50	50	50	50	50	50
46663	9.3326	0	50	0	50	50	50	50	50
46674	9.3348	50	50	50	50	50	50	0	50
46678	9.3356	50	50	50	50	0	50	50	50
46685	9.337	50	50	42	50	50	50	50	50
46695	9.339	0	50	0	50	0	50	50	50
46698	9.3396	0	50	50	50	50	50	50	50
46702	9.3404	50	50	50	50	0	50	50	50
46710	9.342	50	50	50	50	50	50	0	50
46715	9.343	50	50	50	50	0	50	50	50
46730	9.346	50	50	50	50	50	50	0	50
46740	9.348	0	50	0	50	0	50	50	50
46758	9.3516	50	50	50	50	50	50	48	50
46759	9.3518	50	50	0	50	50	50	50	50
46778	9.3556	50	50	50	50	50	50	0	50
46803	9.3606	0	50	0	50	50	50	50	50
46837	9.3674	50	50	50	50	50	50	0	50
46850	9.37	50	50	50	50	50	50	0	50
46851	9.3702	50	50	50	50	0	50	50	50
46873	9.3746	0	50	0	50	0	50	50	50
46894	9.3788	50	50	50	50	0	50	50	50
46898	9.3796	0	50	0	50	50	50	50	50
46940	9.388	0	50	0	50	0	50	50	50
46948	9.3896	50	50	50	50	50	50	0	50
46959	9.3918	50	50	50	50	0	50	50	50
46983	9.3966	0	50	50	50	50	50	50	50
46994	9.3988	50	50	50	50	50	50	0	50
47003	9.4006	50	50	17	50	50	50	50	50
47005	9.401	50	50	50	50	50	50	0	50
47006	9.4012	0	50	0	50	0	50	50	50
47016	9.4032	50	50	17	50	50	50	50	50
47020	9.404	50	50	33	50	50	50	50	50
47035	9.407	0	50	50	50	50	50	50	50
47052	9.4104	50	50	46	50	50	50	50	50
47061	9.4122	50	50	50	50	0	50	50	50
47079	9.4158	50	50	50	50	50	50	0	50
47114	9.4228	50	50	50	50	0	50	50	50
47120	9.424	50	50	50	50	0	50	50	50
47126	9.4252	0	50	0	50	0	50	50	50
47130	9.426	32	50	50	50	50	50	50	50
47151	9.4302	50	50	50	50	50	50	0	50
47153	9.4306	50	50	50	50	0	50	50	50
47156	9.4312	50	50	41	50	50	50	50	50
47177	9.4354	50	50	0	50	50	50	50	50
47179	9.4358	50	50	50	50	50	50	0	50
47186	9.4372	50	50	50	50	49	50	50	50
47202	9.4404	50	50	42	50	50	50	50	50
47220	9.444	50	50	50	50	50	50	0	50
47234	9.4468	50	50	0	50	50	50	50	50
47239	9.4478	50	50	50	50	0	50	50	50
47329	9.4658	0	50	50	50	50	50	50	50
47371	9.4742	0	50	0	50	50	50	50	50
47384	9.4768	0	50	0	50	50	50	50	50
47398	9.4796	50	50	0	50	50	50	50	50
47417	9.4834	50	50	50	50	50	50	0	50
47433	9.4866	50	50	50	50	50	50	0	50
47435	9.487	50	50	50	50	0	50	50	50
47463	9.4926	50	50	50	50	50	50	0	50
47469	9.4938	50	50	50	50	0	50	50	50
47481	9.4962	0	50	50	50	50	50	50	50
47515	9.503	0	50	0	50	50	50	50	50
47554	9.5108	50	50	50	50	50	50	0	50
47555	9.511	50	50	50	50	50	50	47	50
47559	9.5118	50	50	0	50	50	50	50	50
47568	9.5136	50	50	50	50	50	50	0	50
47576	9.5152	50	50	50	50	43	50	50	50
47615	9.523	0	50	0	50	0	50	50	50
47619	9.5238	50	50	50	50	50	50	0	50
47630	9.526	50	50	50	50	0	50	50	50
47636	9.5272	50	50	50	50	50	50	0	50
47637	9.5274	50	50	17	50	50	50	50	50
47653	9.5306	43	50	50	50	50	50	50	50
47663	9.5326	0	50	50	50	50	50	50	50
47675	9.535	50	50	0	50	50	50	50	50
47681	9.5362	50	50	50	50	47	50	50	50
47714	9.5428	50	50	50	50	0	50	50	50
47731	9.5462	50	50	50	50	48	50	50	50
47757	9.5514	50	50	0	50	50	50	50	50
47781	9.5562	50	50	50	50	50	50	0	50
47798	9.5596	0	50	0	50	50	50	0	50
47831	9.5662	0	50	0	50	0	50	50	50
47849	9.5698	50	50	50	50	0	50	50	50
47854	9.5708	0	50	50	50	50	50	50	50
47872	9.5744	50	50	50	50	50	50	0	50
47900	9.58	50	50	50	50	50	50	0	50
47986	9.5972	50	50	50	50	0	50	50	50
48009	9.6018	50	50	50	50	50	50	0	50
48018	9.6036	50	50	50	50	0	50	50	50
48026	9.6052	0	50	0	50	50	50	50	50
48027	9.6054	50	50	0	50	50	50	50	50
48049	9.6098	0	50	0	50	0	50	50	50
48051	9.6102	39	50	50	50	50	50	50	50
48079	9.6158	50	50	50	50	50	50	0	50
48111	9.6222	50	50	50	50	0	50	50	50
48152	9.6304	50	50	50	50	0	50	50	50
48154	9.6308	50	50	50	50	50	50	0	50
48202	9.6404	50	50	50	50	50	50	40	50
48212	9.6424	50	50	50	50	50	50	46	50
48242	9.6484	0	50	0	50	50	50	50	50
48251	9.6502	50	50	0	50	50	50	50	50
48264	9.6528	50	50	33	50	50	50	50	50
48275	9.655	0	50	50	50	50	50	50	50
48289	9.6578	50	50	50	50	50	50	0	50
48318	9.6636	50	50	50	50	50	50	0	50
48350	9.67	0	50	0	50	50	50	50	50
48370	9.674	50	50	50	50	50	50	0	50
48408	9.6816	50	50	50	50	0	50	50	50
48420	9.684	0	50	0	50	0	50	50	50
48424	9.6848	50	50	50	50	50	50	44	50
48427	9.6854	17	50	50	50	50	50	50	50
48458	9.6916	50	50	50	50	50	50	0	50
48476	9.6952	50	50	50	50	50	50	0	50
48562	9.7124	50	50	41	50	50	50	50	50
48568	9.7136	50	50	50	50	50	50	40	50
48571	9.7142	0	50	0	50	50	50	50	50
48576	9.7152	50	50	50	50	0	50	50	50
48581	9.7162	50	50	37	50	50	50	50	50
48584	9.7168	50	50	50	50	50	50	0	50
48603	9.7206	50	50	50	50	50	50	0	50
48619	9.7238	50	50	50	50	50	50	0	50
48620	9.724	50	50	50	50	50	50	0	50
48621	9.7242	50	50	0	50	50	50	50	50
48629	9.7258	50	50	0	50	50	50	50	50
48648	9.7296	50	50	50	50	0	50	50	50
48660	9.732	0	50	50	50	50	50	50	50
48678	9.7356	50	50	50	50	50	50	48	50
48683	9.7366	50	50	0	50	50	50	50	50
48695	9.739	50	50	50	50	50	50	0	50
48724	9.7448	50	50	50	50	0	50	50	50
48754	9.7508	0	50	50	50	50	50	50	50
48802	9.7604	50	50	50	50	50	50	48	50
48813	9.7626	50	50	50	50	45	50	50	50
48827	9.7654	48	50	50	50	50	50	50	50
48834	9.7668	0	50	50	50	50	50	50	50
48849	9.7698	50	50	50	50	50	50	0	50
48874	9.7748	50	50	31	50	50	50	50	50
48887	9.7774	0	50	50	50	50	50	50	50
48893	9.7786	50	50	50	50	50	50	0	50
48894	9.7788	50	50	50	50	41	50	50	50
48905	9.781	0	50	50	50	50	50	50	50
48923	9.7846	50	50	50	50	0	50	50	50
48980	9.796	50	50	0	50	50	50	50	50
49011	9.8022	50	50	50	50	48	50	50	50
49049	9.8098	0	50	50	50	50	50	50	50
49115	9.823	50	50	0	50	50	50	50	50
49125	9.825	0	50	0	50	0	50	50	50
49150	9.83	50	50	50	50	0	50	50	50
49159	9.8318	50	50	0	50	50	50	50	50
49165	9.833	50	50	46	50	50	50	50	50
49181	9.8362	0	50	0	50	0	50	50	50
49202	9.8404	50	50	50	50	50	50	0	50
49230	9.846	0	50	0	50	0	50	50	50
49247	9.8494	50	50	50	50	0	50	50	50
49251	9.8502	50	50	50	50	0	50	50	50
49272	9.8544	0	50	0	50	50	50	50	50
49329	9.8658	11	50	50	50	50	50	50	50
49338	9.8676	50	50	50	50	0	50	50	50
49364	9.8728	50	50	50	50	50	50	0	50
49369	9.8738	50	50	50	50	50	50	0	50
49391	9.8782	50	50	50	50	50	50	0	50
49394	9.8788	50	50	0	50	50	50	50	50
49409	9.8818	50	50	49	50	50	50	50	50
49427	9.8854	50	50	50	50	0	50	50	50
49431	9.8862	50	50	50	50	0	50	50	50
49432	9.8864	50	50	50	50	50	50	0	50
49436	9.8872	0	50	0	50	0	50	50	50
49437	9.8874	0	50	0	50	0	50	50	50
49439	9.8878	50	50	50	50	50	50	0	50
49445	9.889	50	50	50	50	50	50	0	50
49475	9.895	50	50	50	50	50	50	0	50
49516	9.9032	0	50	50	50	50	50	50	50
49609	9.9218	0	50	0	50	0	50	50	50
49628	9.9256	50	50	50	50	45	50	50	50
49641	9.9282	0	50	0	50	0	50	50	50
49659	9.9318	50	50	50	50	50	50	49	50
49666	9.9332	50	50	50	50	50	50	0	50
49691	9.9382	50	50	50	50	50	50	26	50
49696	9.9392	50	50	50	50	0	50	50	50
49698	9.9396	50	50	50	50	50	50	0	50
49708	9.9416	50	50	48	50	50	50	50	50
49753	9.9506	0	50	0	50	50	50	0	50
49776	9.9552	50	50	50	50	50	50	0	50
49789	9.9578	50	50	50	50	0	50	50	50
49797	9.9594	50	50	48	50	50	50	50	50
49800	9.96	50	50	50	50	50	50	0	50
49803	9.9606	50	50	50	50	50	50	44	50
49806	9.9612	50	50	34	50	50	50	50	50
49807	9.9614	50	50	50	50	0	50	50	50
49837	9.9674	0	50	50	50	50	50	50	50
49912	9.9824	50	50	50	50	50	50	46	50
49913	9.9826	50	50	50	50	50	50	0	50
49924	9.9848	50	50	50	50	0	50	50	50
49948	9.9896	0	50	50	50	50	50	50	50
49990	9.998	50	50	50	50	50	50	43	50
